0,r_t_0365.jpg,0.148012,0.353210,0.179457,0.062743,0.077074,0.059895,0.068437,0.025567,0.037037,0.044869,0.022289,0.012029,0.018655,0.018673,0.005953,0.019655,0.010907,0.025949,0.014692,0.017053
0,r_t_0366.jpg,0.113092,0.396057,0.197020,0.055453,0.080245,0.088408,0.083056,0.042154,0.034961,0.045523,0.016249,0.012336,0.022951,0.020957,0.006612,0.019169,0.013616,0.017882,0.008391,0.014443
0,r_t_0367.jpg,0.123047,0.317329,0.208267,0.082656,0.082566,0.081073,0.090430,0.055253,0.021628,0.054680,0.013042,0.014081,0.025991,0.025976,0.012457,0.025561,0.023427,0.011361,0.008497,0.012587
0,r_t_0369.jpg,0.218004,0.357433,0.208554,0.085483,0.082323,0.083528,0.087889,0.044016,0.061003,0.040030,0.036518,0.030628,0.013773,0.019477,0.018368,0.011920,0.016873,0.012768,0.004324,0.003337
0,r_t_0372.jpg,0.329165,0.599479,0.262761,0.103293,0.085493,0.136555,0.063996,0.103765,0.039633,0.072003,0.036412,0.027156,0.011073,0.020889,0.029247,0.009613,0.011323,0.016810,0.028350,0.007688
0,r_t_0374.jpg,0.195405,0.305809,0.239885,0.071564,0.066429,0.072662,0.045553,0.065007,0.030299,0.018351,0.024138,0.018634,0.010223,0.023292,0.010006,0.012552,0.018026,0.019810,0.017139,0.017284
0,r_t_0377.jpg,0.256401,0.370950,0.191435,0.072072,0.037575,0.071122,0.061241,0.075695,0.029248,0.045725,0.016865,0.037421,0.035524,0.018967,0.009046,0.021289,0.020368,0.009822,0.006773,0.004525
0,r_t_0380.jpg,0.304476,0.338568,0.181808,0.090879,0.046677,0.035899,0.033702,0.049556,0.051028,0.050322,0.015924,0.041935,0.037737,0.038895,0.035178,0.011168,0.023852,0.018243,0.021132,0.014970
0,r_t_0383.jpg,0.310624,0.385073,0.134235,0.103064,0.055264,0.022695,0.082250,0.021059,0.093294,0.032203,0.071265,0.027966,0.023609,0.031664,0.023306,0.021759,0.019087,0.019971,0.014443,0.016537
0,r_t_0384.jpg,0.393136,0.346294,0.163586,0.113329,0.088765,0.066341,0.055018,0.045549,0.052989,0.019918,0.013026,0.022797,0.025671,0.015000,0.019595,0.030114,0.015887,0.010835,0.014562,0.009756
0,r_t_0385.jpg,0.142022,0.144307,0.176890,0.125020,0.074001,0.071211,0.073243,0.047376,0.013471,0.029311,0.036603,0.038543,0.014314,0.009292,0.011682,0.022134,0.012619,0.013348,0.017964,0.007362
0,r_t_0440.jpg,0.218974,0.134698,0.070203,0.091262,0.028844,0.043042,0.020489,0.051607,0.036593,0.023715,0.024085,0.021905,0.021462,0.007088,0.018649,0.007826,0.015322,0.012248,0.016701,0.009283
0,r_t_0442.jpg,0.271768,0.261952,0.040477,0.096243,0.039695,0.049967,0.033511,0.034618,0.018284,0.015147,0.016572,0.008518,0.013093,0.012750,0.008686,0.012276,0.005257,0.010946,0.007928,0.011524
0,r_t_0444.jpg,0.299572,0.169201,0.095817,0.111257,0.064223,0.023558,0.043464,0.026671,0.029988,0.016849,0.028441,0.015214,0.016030,0.019010,0.017617,0.013280,0.015484,0.015491,0.018011,0.012547
0,r_t_0446.jpg,0.278582,0.174651,0.095735,0.136492,0.042666,0.037879,0.034255,0.012459,0.022055,0.007457,0.025760,0.012310,0.011791,0.012450,0.017685,0.014988,0.006669,0.008883,0.014724,0.016382
0,r_t_0449.jpg,0.281896,0.200390,0.059378,0.079455,0.030338,0.054162,0.027820,0.017859,0.019477,0.017557,0.015246,0.009592,0.012906,0.020611,0.013950,0.005205,0.009082,0.005665,0.008307,0.014320
0,r_t_0451.jpg,0.299251,0.224899,0.073777,0.073136,0.017044,0.044368,0.025971,0.018187,0.021515,0.016834,0.011144,0.021587,0.011360,0.012905,0.016530,0.005171,0.008229,0.007462,0.010573,0.005414
0,r_t_0455.jpg,0.319666,0.221845,0.087772,0.041475,0.036471,0.045658,0.035663,0.013530,0.021033,0.012605,0.019295,0.011739,0.015396,0.009530,0.011198,0.005927,0.014081,0.013594,0.007278,0.015374
0,r_t_0457.jpg,0.287772,0.201630,0.088809,0.068528,0.020570,0.042773,0.042685,0.016611,0.024471,0.008800,0.016175,0.007200,0.011241,0.016801,0.010987,0.003513,0.005161,0.013137,0.010711,0.006550
0,r_t_0460.jpg,0.276065,0.193439,0.071277,0.074324,0.028398,0.041627,0.051834,0.010924,0.024226,0.017036,0.015873,0.006380,0.005629,0.017817,0.013562,0.004176,0.007737,0.006440,0.005136,0.010692
0,r_t_0464.jpg,0.271914,0.201617,0.066543,0.068340,0.021391,0.037611,0.054726,0.018526,0.025523,0.021614,0.020002,0.011819,0.011002,0.017840,0.013924,0.010042,0.010063,0.009192,0.011437,0.005662
0,r_t_0466.jpg,0.329967,0.181166,0.050831,0.082845,0.052186,0.051270,0.032295,0.033839,0.027777,0.026857,0.014420,0.010303,0.011864,0.012456,0.006904,0.015961,0.004232,0.009315,0.011581,0.008633
0,r_t_0468.jpg,0.325805,0.179146,0.073703,0.055238,0.054256,0.044583,0.036187,0.027687,0.026857,0.023834,0.020996,0.014515,0.013948,0.015462,0.007619,0.011147,0.005819,0.004929,0.006892,0.013867
0,r_t_0471.jpg,0.331175,0.173495,0.076563,0.061169,0.058078,0.048318,0.030497,0.028006,0.020269,0.027200,0.022241,0.016170,0.014265,0.011695,0.011102,0.011048,0.008321,0.014649,0.009076,0.008926
0,r_t_0472.jpg,0.357464,0.168907,0.063357,0.048500,0.083202,0.048659,0.025305,0.032196,0.028640,0.026952,0.021609,0.018526,0.020134,0.021241,0.009878,0.019348,0.016077,0.015634,0.005238,0.006864
0,r_t_0474.jpg,0.303193,0.179420,0.104601,0.054847,0.023570,0.047372,0.042391,0.014844,0.024137,0.017999,0.020260,0.023537,0.014673,0.013360,0.014602,0.011717,0.010363,0.012736,0.020529,0.012087
0,r_t_0476.jpg,0.322300,0.157586,0.100699,0.074723,0.022578,0.022382,0.034954,0.015346,0.029609,0.006466,0.023780,0.028763,0.016105,0.012087,0.016223,0.010100,0.007992,0.009877,0.016968,0.010080
0,r_t_0477.jpg,0.380055,0.165029,0.090961,0.076059,0.024177,0.044491,0.030741,0.018486,0.034216,0.029221,0.007140,0.019578,0.021083,0.022555,0.002657,0.019922,0.007449,0.010246,0.008801,0.014291
0,r_t_0480.jpg,0.391634,0.177410,0.091927,0.070885,0.034913,0.025932,0.043506,0.017211,0.037970,0.021960,0.007482,0.019164,0.019087,0.022039,0.008241,0.017901,0.012134,0.011032,0.018230,0.014638
0,r_t_0482.jpg,0.406302,0.183785,0.077340,0.078862,0.034368,0.017832,0.039620,0.025920,0.031821,0.017172,0.010084,0.011166,0.009645,0.013729,0.019383,0.014114,0.017865,0.007901,0.009979,0.009074
0,r_t_0487.jpg,0.323619,0.230186,0.140396,0.064601,0.017412,0.028978,0.041388,0.034765,0.014812,0.025838,0.016820,0.028257,0.005891,0.017001,0.004340,0.024797,0.014834,0.007151,0.009575,0.005846
0,r_t_0492.jpg,0.426094,0.150222,0.078443,0.097485,0.027537,0.048508,0.042700,0.022356,0.028752,0.023262,0.023116,0.019700,0.033585,0.016627,0.017083,0.010534,0.020597,0.005156,0.009887,0.008433
0,r_t_0496.jpg,0.254453,0.087783,0.074898,0.070726,0.039779,0.018104,0.022306,0.018906,0.011233,0.017401,0.023764,0.034117,0.029933,0.017526,0.016403,0.007271,0.019047,0.021430,0.008784,0.011397
0,r_t_0498.jpg,0.147206,0.064360,0.073397,0.052963,0.026573,0.032191,0.047838,0.025148,0.013410,0.016863,0.024453,0.024381,0.020039,0.014732,0.030372,0.007973,0.022788,0.010851,0.011904,0.010325
0,r_t_0508.jpg,0.185912,0.225095,0.082094,0.052567,0.025038,0.042005,0.016901,0.020040,0.034758,0.016925,0.008564,0.027277,0.032864,0.012231,0.012237,0.003810,0.008435,0.008646,0.013019,0.009955
0,r_t_0510.jpg,0.180833,0.195710,0.083654,0.074734,0.038385,0.068728,0.025570,0.020012,0.012877,0.021641,0.021369,0.035812,0.031618,0.025817,0.019574,0.010446,0.017736,0.008336,0.010870,0.006724
0,r_t_0517.jpg,0.163767,0.271493,0.096223,0.041978,0.053796,0.030354,0.011830,0.015402,0.023553,0.011462,0.006713,0.017930,0.022242,0.002865,0.013609,0.012858,0.016408,0.009517,0.015777,0.006883
0,r_t_0518.jpg,0.185615,0.252608,0.094003,0.047509,0.048080,0.046737,0.016828,0.024061,0.020417,0.010863,0.009899,0.016377,0.019041,0.012035,0.009867,0.006937,0.013097,0.007072,0.008401,0.016086
0,r_t_0521.jpg,0.162258,0.235492,0.087957,0.059912,0.044559,0.047409,0.017640,0.031887,0.020046,0.005580,0.013235,0.013431,0.012853,0.017535,0.012257,0.016387,0.013097,0.005769,0.006547,0.010824
0,r_t_0525.jpg,0.180029,0.214050,0.078711,0.075328,0.041121,0.037953,0.018515,0.022089,0.027144,0.019641,0.016967,0.016204,0.017508,0.019011,0.015344,0.011714,0.015075,0.006707,0.009342,0.009254
0,r_t_0528.jpg,0.130227,0.182095,0.069630,0.064032,0.064271,0.043285,0.033322,0.011883,0.030419,0.035858,0.033773,0.025409,0.019144,0.011173,0.021547,0.008151,0.016375,0.008038,0.018830,0.007653
0,r_t_0530.jpg,0.063384,0.242827,0.089126,0.020467,0.043097,0.027509,0.052582,0.020807,0.014736,0.024427,0.021560,0.013296,0.015269,0.020831,0.015806,0.012542,0.015688,0.007570,0.008002,0.007191
0,r_t_0548.jpg,0.091394,0.118900,0.063045,0.068105,0.037853,0.039164,0.021861,0.056980,0.026750,0.019521,0.020087,0.011888,0.014155,0.014159,0.013877,0.009249,0.008669,0.006083,0.016774,0.005105
0,r_t_0550.jpg,0.077209,0.159139,0.065865,0.080891,0.040685,0.026898,0.008899,0.049285,0.009899,0.026477,0.026060,0.015648,0.008640,0.022675,0.013029,0.012026,0.008244,0.011727,0.005202,0.010270
0,r_t_0666.jpg,0.171374,0.242177,0.040910,0.071632,0.032892,0.022076,0.033333,0.007683,0.024647,0.014833,0.008069,0.019844,0.013819,0.008078,0.015118,0.012900,0.006317,0.003780,0.009178,0.004538
0,r_t_0668.jpg,0.255165,0.277865,0.196551,0.050594,0.055919,0.057427,0.030055,0.053094,0.044348,0.017368,0.030461,0.018060,0.022489,0.018755,0.018920,0.008299,0.008850,0.014295,0.008438,0.007987
0,r_t_0671.jpg,0.196354,0.208750,0.080636,0.040763,0.045419,0.041128,0.051721,0.020098,0.018970,0.033055,0.023709,0.018486,0.013903,0.020042,0.014257,0.008657,0.009291,0.007059,0.004110,0.002106
0,r_t_0674.jpg,0.229024,0.072294,0.194951,0.029138,0.099196,0.075053,0.076104,0.029142,0.035170,0.029995,0.025281,0.051983,0.019904,0.018770,0.018825,0.010100,0.004362,0.021635,0.008111,0.011915
0,r_t_0677.jpg,0.294381,0.125834,0.139641,0.060502,0.109331,0.075946,0.025415,0.014554,0.027562,0.030597,0.017152,0.013307,0.026722,0.017284,0.005037,0.028448,0.009845,0.012344,0.014892,0.016012
0,r_t_0680.jpg,0.298503,0.091883,0.117584,0.086203,0.128352,0.069188,0.033459,0.024106,0.024443,0.026045,0.035339,0.025607,0.022367,0.043955,0.010457,0.009957,0.021937,0.021602,0.015356,0.005551
0,r_t_0682.jpg,0.337492,0.099313,0.112573,0.104323,0.119261,0.078774,0.021101,0.017100,0.030194,0.025561,0.045455,0.019063,0.036196,0.031373,0.009751,0.005970,0.021942,0.010849,0.013441,0.010753
0,r_t_0685.jpg,0.397978,0.052931,0.064201,0.186035,0.118624,0.044999,0.031261,0.047969,0.048830,0.032922,0.023934,0.041832,0.052628,0.013819,0.027533,0.017555,0.020629,0.015781,0.006572,0.012072
0,r_t_0688.jpg,0.388277,0.052575,0.094337,0.091216,0.069101,0.028185,0.073253,0.055466,0.065618,0.028595,0.032634,0.028270,0.054719,0.035736,0.028802,0.021963,0.024578,0.011671,0.011167,0.019314
0,r_t_0693.jpg,0.415093,0.077860,0.128940,0.056473,0.055108,0.044796,0.068199,0.080257,0.033787,0.024317,0.015524,0.049585,0.027742,0.010617,0.009954,0.010582,0.026077,0.021148,0.025348,0.005087
0,r_t_0723.jpg,0.348848,0.084308,0.196702,0.079855,0.072097,0.049209,0.021383,0.024778,0.044078,0.049930,0.028063,0.034319,0.014721,0.044550,0.014193,0.013523,0.017304,0.017226,0.010629,0.007737
0,r_t_0726.jpg,0.623081,0.214315,0.202421,0.092822,0.088369,0.073183,0.059729,0.029609,0.040920,0.073797,0.043217,0.015583,0.032763,0.029413,0.033415,0.005300,0.033279,0.036852,0.021304,0.013712
0,r_t_0732.jpg,0.278932,0.200693,0.065024,0.040523,0.016758,0.045551,0.039209,0.024200,0.035482,0.025824,0.020412,0.017805,0.019434,0.022677,0.020889,0.007635,0.007177,0.014711,0.007620,0.008230
0,r_t_0733.jpg,0.271340,0.183340,0.082189,0.057520,0.019638,0.041649,0.054193,0.023811,0.049621,0.030457,0.020935,0.018743,0.021462,0.013104,0.022295,0.012669,0.010283,0.011245,0.014737,0.010000
0,r_t_0734.jpg,0.282460,0.193889,0.068852,0.041877,0.030032,0.055808,0.032040,0.030199,0.028719,0.027028,0.019930,0.022156,0.020219,0.024259,0.017344,0.007026,0.010199,0.012363,0.006754,0.006665
0,r_t_0737.jpg,0.346809,0.085914,0.183675,0.076546,0.063672,0.029782,0.024378,0.029279,0.054389,0.032198,0.033646,0.029129,0.028196,0.027400,0.012218,0.030094,0.013646,0.019776,0.011184,0.005124
0,r_t_0741.jpg,0.322733,0.113413,0.175587,0.099064,0.049218,0.039083,0.034383,0.023503,0.027936,0.030206,0.024914,0.039574,0.039613,0.015918,0.017222,0.017231,0.007803,0.011587,0.007738,0.012433
0,r_t_0742.jpg,0.323518,0.117345,0.172841,0.096098,0.046611,0.036655,0.035860,0.023053,0.029774,0.032685,0.025163,0.037679,0.038733,0.018411,0.016518,0.016848,0.010912,0.012430,0.009765,0.007844
0,r_t_0743.jpg,0.329499,0.121018,0.174907,0.096071,0.050316,0.037176,0.027538,0.032820,0.034970,0.032429,0.027334,0.037565,0.039932,0.009984,0.014197,0.017740,0.009376,0.010362,0.009361,0.009078
0,r_t_0745.jpg,0.349518,0.112116,0.179506,0.091070,0.051310,0.040412,0.018302,0.038933,0.056954,0.033170,0.021789,0.020859,0.021234,0.022393,0.007159,0.016561,0.003983,0.015371,0.009958,0.007207
0,r_t_0746.jpg,0.356628,0.112900,0.173511,0.077628,0.050966,0.042775,0.019962,0.035553,0.063074,0.023417,0.028253,0.030044,0.021605,0.020693,0.005545,0.014773,0.008650,0.013799,0.004027,0.007447
0,r_t_0747.jpg,0.346819,0.091548,0.145067,0.074410,0.051150,0.040782,0.048600,0.022019,0.043854,0.019020,0.016991,0.018823,0.032785,0.012700,0.014002,0.011508,0.013811,0.012779,0.018529,0.011848
0,r_t_0748.jpg,0.330634,0.094707,0.139150,0.061814,0.056942,0.033187,0.050848,0.025152,0.045893,0.016771,0.011718,0.026986,0.025756,0.004590,0.008929,0.014750,0.018448,0.014516,0.018232,0.013104
0,r_t_0749.jpg,0.342849,0.097574,0.112567,0.048429,0.066893,0.042306,0.031647,0.042682,0.049453,0.021465,0.016973,0.016872,0.023507,0.019961,0.007674,0.011822,0.013353,0.009952,0.018241,0.011406
0,r_t_0752.jpg,0.265325,0.093870,0.134076,0.062078,0.047359,0.042968,0.056989,0.019179,0.048533,0.015611,0.015627,0.026507,0.018516,0.015856,0.021550,0.014976,0.016509,0.009713,0.013279,0.012173
0,r_t_0754.jpg,0.291456,0.137578,0.115889,0.028939,0.033801,0.039242,0.037382,0.025780,0.036438,0.031318,0.028274,0.023171,0.016821,0.014541,0.022192,0.010525,0.014556,0.008474,0.011250,0.013055
0,r_t_0756.jpg,0.317423,0.076073,0.112871,0.056855,0.045777,0.021004,0.037553,0.018342,0.038697,0.024921,0.001319,0.020179,0.035944,0.010968,0.006622,0.030058,0.010284,0.018917,0.013269,0.009480
0,r_t_0757.jpg,0.284917,0.103575,0.113813,0.040262,0.037425,0.029818,0.034674,0.027544,0.043183,0.028571,0.015419,0.020876,0.024262,0.010133,0.022526,0.015109,0.012924,0.012616,0.010206,0.014871
0,r_t_0761.jpg,0.320785,0.074502,0.123777,0.038001,0.030607,0.052367,0.033151,0.040757,0.045571,0.024051,0.015968,0.027112,0.020440,0.020201,0.009494,0.013937,0.007909,0.009921,0.008832,0.006609
0,r_t_0771.jpg,0.290002,0.202551,0.224808,0.041511,0.041943,0.041988,0.072385,0.061334,0.050842,0.023775,0.031341,0.038678,0.031314,0.024518,0.032491,0.011196,0.019239,0.010264,0.014492,0.021780
0,r_t_0777.jpg,0.331304,0.160247,0.096968,0.047270,0.045845,0.048310,0.035923,0.031394,0.014452,0.029309,0.021240,0.027218,0.007839,0.016625,0.027489,0.010114,0.022717,0.012589,0.016456,0.008553
0,r_t_0779.jpg,0.295973,0.157314,0.117422,0.041073,0.044683,0.044263,0.021004,0.032293,0.011976,0.028068,0.007786,0.027915,0.019186,0.024815,0.015039,0.016355,0.007279,0.005772,0.016610,0.012803
0,r_t_0796.jpg,0.365256,0.152351,0.079561,0.080333,0.043619,0.039305,0.045542,0.010990,0.031852,0.014281,0.034384,0.036095,0.017907,0.016079,0.017041,0.012009,0.009110,0.016004,0.021408,0.018229
0,r_t_0798.jpg,0.304451,0.161661,0.121640,0.029437,0.020616,0.058693,0.036088,0.027429,0.016456,0.033010,0.026417,0.015815,0.013511,0.019470,0.015510,0.008941,0.010754,0.027709,0.009135,0.006362
0,r_t_0799.jpg,0.324889,0.151029,0.109115,0.032683,0.013329,0.052204,0.040106,0.033673,0.015166,0.031963,0.029808,0.013483,0.022420,0.026355,0.014247,0.007138,0.016335,0.024316,0.007874,0.010465
0,r_t_0800.jpg,0.707224,0.344472,0.164413,0.137014,0.059600,0.042336,0.026906,0.100902,0.028715,0.049647,0.025913,0.033594,0.031247,0.035437,0.017184,0.025140,0.034764,0.023544,0.027182,0.009975
0,r_t_0805.jpg,0.645107,0.363833,0.171049,0.132684,0.047824,0.054329,0.038152,0.090615,0.048795,0.036840,0.040912,0.019601,0.041529,0.019267,0.014809,0.012175,0.021491,0.032299,0.014003,0.023239
0,r_t_0806.jpg,0.637718,0.328812,0.163373,0.120883,0.061322,0.051252,0.030383,0.086469,0.060365,0.045351,0.057581,0.018417,0.050642,0.033001,0.028264,0.019362,0.010873,0.027782,0.017022,0.024121
0,r_t_0807.jpg,0.612410,0.355984,0.140764,0.148267,0.045699,0.044603,0.031783,0.080695,0.045378,0.056468,0.030631,0.031256,0.047738,0.041655,0.022467,0.013952,0.021142,0.022800,0.019673,0.019748
0,r_t_0808.jpg,0.636917,0.337433,0.154147,0.136742,0.055980,0.043025,0.039020,0.084427,0.046563,0.050032,0.034926,0.023400,0.052713,0.037356,0.026187,0.005374,0.019924,0.024682,0.019486,0.008559
0,r_t_0809.jpg,0.602428,0.360697,0.130810,0.151019,0.058184,0.056292,0.048256,0.067067,0.035018,0.064759,0.028902,0.045646,0.033342,0.037641,0.010627,0.024058,0.029305,0.010749,0.019097,0.015729
0,r_t_0813.jpg,0.519488,0.388469,0.145538,0.134644,0.035895,0.055942,0.049994,0.077705,0.038962,0.056766,0.041051,0.044154,0.025456,0.037867,0.027891,0.008259,0.022613,0.021503,0.018737,0.008706
0,r_t_0819.jpg,0.541853,0.372312,0.147105,0.137278,0.041442,0.055457,0.038896,0.093113,0.050716,0.061334,0.041548,0.041002,0.023656,0.039331,0.031160,0.012358,0.023630,0.009388,0.022121,0.007801
0,r_t_0821.jpg,0.538855,0.387423,0.143250,0.136060,0.042973,0.039225,0.041002,0.075871,0.064564,0.055809,0.052491,0.027017,0.027150,0.045401,0.015925,0.008986,0.012790,0.021721,0.017230,0.018412
0,r_t_0822.jpg,0.540717,0.392939,0.155510,0.138069,0.038876,0.044028,0.040730,0.084912,0.062452,0.056903,0.038459,0.035558,0.031757,0.042226,0.024674,0.008953,0.015487,0.018430,0.018340,0.007202
0,r_t_0824.jpg,0.462743,0.275599,0.198472,0.043467,0.091468,0.054737,0.061084,0.093753,0.047205,0.055931,0.041396,0.020294,0.032607,0.012865,0.024581,0.017318,0.019120,0.019237,0.029825,0.018112
0,r_t_0825.jpg,0.636009,0.110924,0.076109,0.097477,0.089426,0.097743,0.080319,0.059581,0.028160,0.045426,0.028810,0.045009,0.028195,0.038460,0.015684,0.019793,0.013938,0.012721,0.015383,0.022636
0,r_t_1009.jpg,0.599794,0.240872,0.193541,0.083062,0.064608,0.079120,0.078580,0.049243,0.031885,0.071260,0.017450,0.030203,0.017743,0.014154,0.012859,0.027335,0.024168,0.031009,0.026053,0.023535
0,r_t_1012.jpg,0.618844,0.233740,0.165962,0.080896,0.055963,0.079579,0.069353,0.033994,0.033918,0.047792,0.020667,0.031723,0.032787,0.024500,0.023445,0.024270,0.027344,0.023232,0.024049,0.016954
0,r_t_1013.jpg,0.556472,0.256586,0.178374,0.049858,0.070422,0.064917,0.081968,0.021676,0.023670,0.036611,0.025892,0.020586,0.035066,0.025337,0.014920,0.035546,0.036792,0.025947,0.012918,0.005748
0,r_t_1015.jpg,0.688941,0.190329,0.196730,0.058705,0.105443,0.074271,0.065589,0.027066,0.036237,0.030525,0.016181,0.039965,0.034572,0.031726,0.029771,0.035611,0.029333,0.012879,0.020149,0.012271
0,r_t_1018.jpg,0.292437,0.212318,0.065456,0.048054,0.050125,0.033222,0.018787,0.011027,0.013556,0.024022,0.015146,0.023767,0.012267,0.023512,0.014913,0.014621,0.015841,0.018442,0.022611,0.013814
0,r_t_1020.jpg,0.524555,0.291813,0.223067,0.052031,0.077585,0.081901,0.086864,0.025868,0.033045,0.043783,0.016447,0.022406,0.033247,0.014507,0.020817,0.023190,0.032535,0.021149,0.022594,0.011439
0,r_t_1022.jpg,0.637003,0.333899,0.210851,0.089713,0.076815,0.088665,0.044374,0.037040,0.066132,0.050546,0.017735,0.035854,0.039646,0.027916,0.029915,0.022963,0.035637,0.022662,0.012699,0.024363
0,r_t_1026.jpg,0.677692,0.357236,0.205676,0.098092,0.063102,0.073158,0.048264,0.056017,0.078528,0.040904,0.023831,0.039644,0.027273,0.037860,0.027800,0.015809,0.030063,0.024131,0.018809,0.019801
0,r_t_1036.jpg,0.240417,0.217627,0.081174,0.066978,0.062789,0.044803,0.029668,0.020152,0.019898,0.015024,0.017584,0.022602,0.024993,0.020996,0.020148,0.020952,0.008543,0.018170,0.009539,0.012783
0,r_t_1044.jpg,0.302798,0.259874,0.141398,0.084200,0.036781,0.068684,0.054800,0.057954,0.035176,0.044029,0.039906,0.038929,0.028291,0.039502,0.016456,0.025952,0.014206,0.018824,0.003641,0.016948
0,r_t_1046.jpg,0.336256,0.211103,0.178761,0.030259,0.075443,0.059353,0.075458,0.047060,0.044285,0.035353,0.026011,0.038322,0.031806,0.029514,0.022258,0.011984,0.027896,0.012345,0.023154,0.015368
0,r_t_1048.jpg,0.323759,0.222936,0.178462,0.031766,0.069296,0.061864,0.073513,0.043155,0.048325,0.036113,0.022881,0.039116,0.032336,0.026483,0.017952,0.014649,0.028550,0.008623,0.023966,0.013605
0,r_t_1051.jpg,0.537444,0.302634,0.178192,0.062133,0.096509,0.051961,0.069022,0.050637,0.045813,0.030067,0.046688,0.028881,0.040240,0.060393,0.019252,0.049672,0.033206,0.014331,0.032748,0.007709
0,r_t_1052.jpg,0.588585,0.164676,0.117648,0.085627,0.124918,0.066931,0.066307,0.055491,0.034919,0.038940,0.050513,0.040041,0.030131,0.031996,0.015123,0.045536,0.036099,0.012082,0.020546,0.012483
0,r_t_1098.jpg,0.622589,0.215680,0.259244,0.071818,0.086976,0.064904,0.088030,0.038787,0.039518,0.045042,0.024477,0.029036,0.011716,0.039853,0.036304,0.032730,0.022885,0.033336,0.024738,0.019991
0,r_t_1099.jpg,0.568392,0.342073,0.216958,0.074711,0.068639,0.076197,0.093042,0.022196,0.041425,0.022152,0.034713,0.014047,0.025498,0.037453,0.022572,0.030989,0.023605,0.011854,0.022387,0.004486
0,r_t_1101.jpg,0.544509,0.241141,0.256388,0.053860,0.072543,0.067080,0.078954,0.056317,0.037340,0.048311,0.033017,0.031047,0.021996,0.039359,0.020844,0.057684,0.017737,0.020013,0.030946,0.013766
0,r_t_1104.jpg,0.703138,0.212412,0.221539,0.103695,0.084046,0.066392,0.058747,0.031370,0.043964,0.031824,0.016494,0.042818,0.044467,0.038572,0.028729,0.032136,0.023689,0.017497,0.018683,0.015941
0,r_t_1105.jpg,0.707846,0.216617,0.210108,0.092896,0.112970,0.075405,0.071170,0.061336,0.046293,0.045719,0.032158,0.028891,0.050088,0.036490,0.033671,0.035231,0.007030,0.022627,0.016071,0.018592
0,r_t_1106.jpg,0.652518,0.266957,0.214931,0.069584,0.092739,0.073564,0.068083,0.050452,0.053198,0.031774,0.039023,0.022290,0.035371,0.040975,0.027795,0.039133,0.016494,0.031975,0.018480,0.019562
0,r_t_1112.jpg,0.707658,0.292671,0.204489,0.122509,0.037784,0.040648,0.061216,0.088417,0.041227,0.088929,0.033580,0.024641,0.044378,0.030541,0.019573,0.027026,0.010866,0.023985,0.021735,0.012460
0,r_t_1119.jpg,0.483564,0.172870,0.072297,0.068512,0.038077,0.025135,0.028229,0.034816,0.034629,0.024900,0.023967,0.030547,0.019878,0.032284,0.011297,0.018213,0.007106,0.006100,0.018608,0.007455
0,r_t_1218.jpg,0.474983,0.333114,0.138645,0.117258,0.100220,0.065591,0.085946,0.047920,0.051172,0.060547,0.054018,0.022031,0.038785,0.036547,0.043954,0.029481,0.025542,0.028860,0.028432,0.018505
0,r_t_1221.jpg,0.538647,0.284611,0.116621,0.108370,0.078372,0.068129,0.098421,0.043993,0.029399,0.035302,0.052205,0.038485,0.017453,0.040000,0.026466,0.016622,0.023631,0.009881,0.011202,0.013519
0,r_t_1279.jpg,0.275082,0.095821,0.152397,0.097000,0.057542,0.044717,0.063334,0.062746,0.030599,0.014401,0.028186,0.017112,0.025631,0.011846,0.027114,0.016342,0.004362,0.020520,0.023867,0.007954
0,r_t_1303.jpg,0.487066,0.167336,0.189389,0.103842,0.052466,0.046627,0.051298,0.028638,0.061327,0.053176,0.023242,0.025642,0.034357,0.029013,0.013335,0.023828,0.013988,0.004817,0.008463,0.021529
0,r_t_1305.jpg,0.525248,0.144717,0.192015,0.131606,0.037812,0.035899,0.052223,0.024953,0.053179,0.031881,0.022455,0.029845,0.040481,0.020403,0.018929,0.040441,0.012499,0.011733,0.009869,0.015366
0,r_t_1307.jpg,0.512307,0.143263,0.169912,0.146338,0.050383,0.048964,0.041977,0.024336,0.073198,0.041565,0.023763,0.028437,0.044301,0.026998,0.020649,0.040553,0.014073,0.012418,0.010182,0.012958
0,r_t_1312.jpg,0.381378,0.081158,0.127399,0.162277,0.060577,0.092455,0.026722,0.024201,0.024916,0.036733,0.043559,0.016430,0.016689,0.024306,0.037684,0.014964,0.026646,0.015197,0.012815,0.012113
0,r_t_1315.jpg,0.692353,0.126213,0.115381,0.106840,0.142245,0.090501,0.125452,0.065107,0.036898,0.065236,0.058935,0.022313,0.039605,0.027577,0.022228,0.028204,0.035970,0.026051,0.019632,0.023051
0,r_t_1317.jpg,0.581016,0.128003,0.128693,0.087534,0.076155,0.053184,0.138880,0.061367,0.027837,0.030203,0.074978,0.032290,0.021160,0.025294,0.024937,0.026126,0.029830,0.018782,0.019896,0.009370
0,r_t_1417.jpg,0.305222,0.187979,0.215014,0.071079,0.042519,0.055046,0.061644,0.033821,0.017353,0.035645,0.021150,0.020743,0.020580,0.026512,0.016033,0.024195,0.008512,0.017799,0.012024,0.018681
0,r_t_1418.jpg,0.276937,0.159252,0.213843,0.053262,0.065251,0.034351,0.043104,0.049033,0.041787,0.020779,0.016146,0.018679,0.017735,0.027580,0.010381,0.014774,0.013615,0.008761,0.015882,0.019762
0,r_t_1419.jpg,0.353757,0.041443,0.197254,0.060562,0.051321,0.042020,0.038498,0.062216,0.042090,0.050386,0.051275,0.027688,0.024646,0.025441,0.008297,0.025392,0.010855,0.009820,0.004411,0.013799
0,r_t_1420.jpg,0.429749,0.068815,0.170380,0.060667,0.050482,0.094529,0.093652,0.063792,0.047927,0.019396,0.028912,0.019934,0.012567,0.040327,0.030901,0.013379,0.011613,0.013582,0.018980,0.011712
0,r_t_1421.jpg,0.360248,0.049437,0.137606,0.072028,0.100571,0.041888,0.052669,0.052774,0.045699,0.025919,0.025888,0.024137,0.011461,0.012940,0.012930,0.010451,0.013700,0.011084,0.008944,0.007885
0,r_t_1422.jpg,0.470911,0.135326,0.216473,0.099978,0.062224,0.032359,0.037045,0.049501,0.062702,0.040188,0.029168,0.023378,0.020241,0.014873,0.017300,0.025784,0.012340,0.007031,0.005197,0.014559
0,r_t_1425.jpg,0.429869,0.137315,0.206079,0.084579,0.076981,0.045998,0.027019,0.040826,0.063036,0.031638,0.027652,0.043571,0.023263,0.021881,0.008397,0.017991,0.005547,0.014367,0.024843,0.016419
0,r_t_1426.jpg,0.469878,0.198030,0.204924,0.058935,0.074299,0.038816,0.058094,0.050737,0.007796,0.044095,0.044348,0.009500,0.023606,0.028580,0.012653,0.016243,0.008475,0.011277,0.019699,0.009752
0,r_t_1428.jpg,0.456393,0.231516,0.237322,0.047336,0.065872,0.056886,0.039194,0.044660,0.024305,0.029155,0.036563,0.022642,0.034534,0.016129,0.019171,0.021792,0.019725,0.018615,0.017193,0.005895
0,r_t_1431.jpg,0.550075,0.178181,0.195208,0.090171,0.054938,0.030590,0.054950,0.043163,0.016718,0.061815,0.058542,0.038970,0.033569,0.032837,0.007369,0.015155,0.012135,0.018212,0.007702,0.013110
0,r_t_1432.jpg,0.518409,0.149787,0.194478,0.091670,0.067805,0.026972,0.042777,0.050680,0.028603,0.049581,0.057125,0.040256,0.028852,0.025190,0.009438,0.019793,0.007956,0.019831,0.007003,0.005651
0,r_t_1446.jpg,0.283003,0.152837,0.102708,0.051840,0.035875,0.028274,0.045653,0.029543,0.017918,0.015259,0.023049,0.015300,0.019463,0.008511,0.013582,0.014135,0.011218,0.020334,0.007622,0.005203
0,r_t_1467.jpg,0.223009,0.148158,0.093353,0.073889,0.054439,0.025279,0.021398,0.032139,0.031609,0.026436,0.011114,0.016328,0.015655,0.020228,0.026904,0.003304,0.016093,0.008284,0.008983,0.009659
0,r_t_1471.jpg,0.303473,0.125410,0.140616,0.093690,0.083971,0.114652,0.039215,0.026163,0.016397,0.015286,0.015609,0.019330,0.019994,0.025752,0.023940,0.018414,0.024135,0.007836,0.010394,0.003098
0,r_t_1472.jpg,0.326578,0.101530,0.174567,0.080367,0.068175,0.100888,0.039839,0.044346,0.028052,0.018307,0.018145,0.009952,0.019947,0.015860,0.017229,0.025972,0.008243,0.009003,0.014463,0.009297
0,r_t_1594.jpg,0.664170,0.208428,0.235099,0.152250,0.099120,0.100986,0.079407,0.042915,0.026191,0.027277,0.011788,0.043445,0.020253,0.022352,0.032747,0.023006,0.018253,0.012828,0.013215,0.025319
0,r_t_1596.jpg,0.663927,0.288153,0.224460,0.141743,0.072770,0.131228,0.055715,0.043588,0.054505,0.053877,0.018918,0.029557,0.038087,0.028703,0.036314,0.028562,0.028872,0.021434,0.009160,0.011282
0,r_t_1678.jpg,0.390123,0.194587,0.225339,0.067424,0.075325,0.071890,0.068583,0.041526,0.014378,0.025066,0.025937,0.014280,0.013849,0.022144,0.040257,0.017946,0.020315,0.008866,0.003622,0.006481
0,r_t_1686.jpg,0.362670,0.215669,0.206801,0.089578,0.059915,0.051583,0.088232,0.045194,0.017374,0.015781,0.021578,0.018990,0.012563,0.014924,0.022678,0.016579,0.010992,0.010161,0.009527,0.009141
0,r_t_1688.jpg,0.399075,0.201867,0.212164,0.082693,0.058628,0.054393,0.087006,0.034676,0.020374,0.012911,0.019435,0.017957,0.018663,0.012514,0.025100,0.015362,0.010630,0.014607,0.006866,0.010393
0,r_t_1691.jpg,0.406316,0.208606,0.204504,0.083926,0.052761,0.059490,0.086003,0.037001,0.022613,0.011379,0.019801,0.019345,0.019054,0.015189,0.025753,0.012069,0.011372,0.013887,0.006357,0.010146
0,r_t_1696.jpg,0.683261,0.416838,0.138758,0.205165,0.046886,0.040554,0.058763,0.081626,0.032757,0.055408,0.056515,0.018009,0.019393,0.019989,0.013182,0.045406,0.025948,0.022347,0.017419,0.028244
0,r_t_1698.jpg,0.798587,0.365973,0.140141,0.250831,0.061121,0.042045,0.098109,0.079255,0.036164,0.027335,0.061080,0.059030,0.018823,0.042189,0.015860,0.010851,0.023359,0.015034,0.021394,0.036772
0,r_t_1700.jpg,0.820321,0.410782,0.230465,0.195387,0.078144,0.062127,0.123533,0.082744,0.050667,0.021660,0.059485,0.056377,0.047817,0.020437,0.036295,0.027452,0.015691,0.032897,0.021228,0.025852
0,r_t_1703.jpg,0.725194,0.436109,0.144091,0.136495,0.065777,0.055224,0.043998,0.092406,0.059218,0.045396,0.073076,0.034668,0.024820,0.041493,0.027963,0.014503,0.024051,0.015232,0.012469,0.031776
0,r_t_1707.jpg,0.619478,0.368359,0.157793,0.106503,0.060959,0.092389,0.032830,0.120801,0.069486,0.055550,0.056212,0.059838,0.044822,0.020146,0.040113,0.030065,0.021162,0.030729,0.026007,0.021825
0,r_t_1710.jpg,0.623660,0.374857,0.124354,0.097691,0.072645,0.090993,0.046825,0.119025,0.053760,0.052384,0.051726,0.061477,0.033790,0.029807,0.043075,0.021526,0.033439,0.023451,0.029367,0.026331
0,r_t_1713.jpg,0.741708,0.426175,0.111200,0.125147,0.132456,0.110688,0.084865,0.146470,0.038886,0.053920,0.049483,0.032798,0.041855,0.053693,0.020665,0.035939,0.020741,0.003941,0.019511,0.033760
0,r_t_1714.jpg,0.736456,0.420618,0.157417,0.129183,0.145428,0.083029,0.060974,0.093174,0.080059,0.079017,0.027437,0.031291,0.053498,0.034638,0.035833,0.041781,0.025973,0.039028,0.019809,0.034084
0,r_t_1717.jpg,0.835521,0.198455,0.132249,0.081320,0.078686,0.097873,0.072944,0.073278,0.048426,0.041608,0.044871,0.025219,0.019075,0.040448,0.021257,0.019847,0.019705,0.022924,0.010156,0.012757
0,r_t_1719.jpg,0.758166,0.190558,0.120622,0.101384,0.064163,0.078991,0.054677,0.089043,0.041668,0.020967,0.049309,0.016543,0.025800,0.042122,0.021068,0.014829,0.020008,0.019368,0.012156,0.022720
0,r_t_1721.jpg,0.417753,0.261139,0.203887,0.061110,0.066664,0.056837,0.092245,0.035696,0.014319,0.019014,0.032402,0.026410,0.025383,0.024855,0.019164,0.010449,0.008868,0.009953,0.010331,0.007962
0,r_t_1723.jpg,0.450920,0.253093,0.187222,0.061061,0.071458,0.055745,0.090458,0.027446,0.026652,0.006180,0.029035,0.017870,0.023692,0.039281,0.019313,0.019726,0.008746,0.004359,0.008591,0.010432
0,r_t_1728.jpg,0.407885,0.248509,0.196392,0.080644,0.059777,0.036033,0.081540,0.054059,0.019528,0.025376,0.038891,0.017041,0.037043,0.011560,0.022491,0.016019,0.023149,0.007851,0.013232,0.009722
0,r_t_1729.jpg,0.521830,0.282148,0.185722,0.066076,0.059727,0.064277,0.075775,0.062999,0.042281,0.043961,0.023261,0.027089,0.039828,0.015246,0.014549,0.023999,0.022621,0.011114,0.008416,0.016525
0,r_t_1730.jpg,0.472986,0.256541,0.205233,0.061866,0.072072,0.062583,0.082340,0.059246,0.033956,0.033215,0.010912,0.035920,0.034832,0.017814,0.019308,0.026222,0.019984,0.011486,0.007840,0.017245
0,r_t_1731.jpg,0.416081,0.242308,0.198172,0.092953,0.068528,0.043202,0.084679,0.044617,0.032465,0.026134,0.026425,0.012592,0.039490,0.015765,0.017878,0.019486,0.020301,0.015592,0.011374,0.004361
0,r_t_1734.jpg,0.394314,0.246482,0.193648,0.091128,0.060028,0.035233,0.086420,0.050328,0.026547,0.020593,0.035424,0.017755,0.034874,0.012949,0.018479,0.019030,0.020878,0.013028,0.016037,0.008096
0,r_t_1736.jpg,0.388430,0.230760,0.197270,0.089883,0.059490,0.040538,0.084803,0.043001,0.030498,0.011132,0.027617,0.009203,0.032449,0.017765,0.018406,0.027169,0.017202,0.013107,0.011509,0.007536
0,r_t_1737.jpg,0.408087,0.237033,0.189596,0.085501,0.057740,0.041099,0.087783,0.040852,0.031286,0.010328,0.026467,0.009867,0.033744,0.021892,0.019284,0.027029,0.018140,0.011229,0.010513,0.007746
0,r_t_1743.jpg,0.338149,0.251830,0.212229,0.052870,0.062587,0.058269,0.062739,0.057031,0.019993,0.018783,0.021611,0.020181,0.027643,0.013458,0.026877,0.014023,0.022606,0.010374,0.007162,0.011184
0,r_t_1745.jpg,0.429614,0.244025,0.150532,0.029597,0.046838,0.068809,0.076729,0.061496,0.044481,0.025938,0.033590,0.047774,0.018555,0.031054,0.020169,0.021002,0.026284,0.024537,0.010971,0.019191
0,r_t_1753.jpg,0.726341,0.363428,0.195306,0.196558,0.064377,0.049477,0.083515,0.102301,0.036171,0.032079,0.034753,0.066424,0.036185,0.055697,0.018108,0.034172,0.030281,0.026378,0.019548,0.012074
0,r_t_1755.jpg,0.853275,0.361432,0.234246,0.236342,0.049007,0.052656,0.112441,0.094969,0.043428,0.037863,0.080389,0.059293,0.066342,0.024436,0.026687,0.028861,0.019596,0.013433,0.012895,0.021714
0,r_t_1757.jpg,0.794035,0.377515,0.250320,0.219222,0.074015,0.054573,0.061334,0.096675,0.052416,0.066584,0.051782,0.049260,0.061858,0.022789,0.036096,0.030989,0.022302,0.017372,0.021240,0.015537
0,r_t_1761.jpg,0.751194,0.435253,0.151788,0.152972,0.079013,0.063813,0.021081,0.112793,0.031116,0.080335,0.043137,0.048886,0.042339,0.053136,0.015626,0.021828,0.027718,0.009595,0.016234,0.015358
0,r_t_1768.jpg,0.465594,0.251782,0.036345,0.155316,0.111833,0.042219,0.081924,0.055348,0.022430,0.036479,0.049907,0.020200,0.042111,0.012567,0.015631,0.012678,0.019448,0.022697,0.019543,0.018019
0,r_t_1770.jpg,0.403948,0.323790,0.121298,0.079784,0.067660,0.047409,0.030976,0.059636,0.033069,0.056436,0.024278,0.044410,0.024568,0.020765,0.018595,0.016848,0.030576,0.013273,0.018867,0.015823
0,r_t_1771.jpg,0.404985,0.315568,0.140302,0.075967,0.081445,0.049435,0.012636,0.058018,0.026812,0.038285,0.032493,0.046438,0.016113,0.018510,0.019961,0.011900,0.034975,0.012559,0.015436,0.022167
0,r_t_1773.jpg,0.375367,0.281190,0.069020,0.108132,0.095372,0.055177,0.049865,0.083253,0.022146,0.029566,0.045494,0.053295,0.021625,0.021089,0.010766,0.009186,0.025319,0.017106,0.017472,0.015439
0,r_t_1775.jpg,0.395337,0.284265,0.122960,0.079467,0.069766,0.049786,0.025074,0.065073,0.021766,0.053847,0.034124,0.037443,0.014055,0.034485,0.028705,0.016182,0.029751,0.007900,0.023389,0.021069
0,r_t_1778.jpg,0.344338,0.087766,0.090861,0.064509,0.122861,0.057040,0.051820,0.060168,0.019805,0.020864,0.014344,0.008523,0.016451,0.027331,0.034441,0.019664,0.011118,0.012614,0.021368,0.016267
0,r_t_1780.jpg,0.290060,0.080756,0.133971,0.084497,0.070719,0.047960,0.029802,0.037927,0.049217,0.025706,0.016139,0.017673,0.034811,0.029827,0.017226,0.013210,0.022702,0.010853,0.026082,0.015366
0,r_t_1781.jpg,0.278253,0.082469,0.136443,0.082446,0.059471,0.058220,0.032024,0.040434,0.045303,0.024387,0.018965,0.020150,0.031644,0.030017,0.014616,0.012940,0.029799,0.012089,0.027525,0.010950
0,r_t_1783.jpg,0.332797,0.162604,0.111579,0.052347,0.102694,0.063348,0.034872,0.049686,0.045794,0.030785,0.030955,0.027390,0.017944,0.026205,0.022035,0.026894,0.005312,0.032267,0.015191,0.013310
0,r_t_1785.jpg,0.755136,0.252627,0.166015,0.086071,0.089393,0.091764,0.048626,0.075113,0.051252,0.015015,0.049167,0.033431,0.029246,0.039755,0.033291,0.014650,0.015396,0.015411,0.019633,0.019123
0,r_t_1840.jpg,0.300025,0.104160,0.133844,0.059715,0.036225,0.061203,0.045927,0.013930,0.043554,0.036923,0.049772,0.016688,0.018391,0.016857,0.021859,0.009563,0.022274,0.015518,0.006627,0.012973
0,r_t_1848.jpg,0.304475,0.243111,0.135816,0.065381,0.055815,0.043263,0.052944,0.020375,0.022643,0.032228,0.032006,0.020086,0.012812,0.016937,0.015839,0.027890,0.016557,0.013040,0.013755,0.013463
0,r_t_1849.jpg,0.223133,0.149093,0.161697,0.049940,0.079164,0.055022,0.023333,0.026635,0.032540,0.035912,0.015083,0.022309,0.026185,0.023805,0.015915,0.020782,0.017429,0.009917,0.011377,0.003933
0,r_t_1851.jpg,0.214226,0.168911,0.163818,0.046657,0.081610,0.052754,0.025435,0.029418,0.023513,0.040090,0.029008,0.013584,0.029168,0.022791,0.014142,0.023971,0.022235,0.005984,0.008858,0.005821
0,r_t_1853.jpg,0.657563,0.214430,0.238954,0.130717,0.036358,0.076489,0.038945,0.037981,0.037589,0.021801,0.034424,0.040547,0.008182,0.034605,0.015371,0.026287,0.013475,0.018566,0.027462,0.007775
0,r_t_2062.jpg,0.466613,0.158769,0.237631,0.099018,0.057178,0.057063,0.028604,0.024387,0.014975,0.023574,0.012388,0.015012,0.017575,0.031250,0.014450,0.014406,0.010582,0.013190,0.015166,0.009325
0,r_t_2064.jpg,0.600928,0.178265,0.244469,0.124035,0.094943,0.054523,0.024214,0.015214,0.031523,0.018467,0.021431,0.016260,0.022302,0.016723,0.019216,0.008295,0.013958,0.007940,0.014992,0.017638
0,r_t_2068.jpg,0.144464,0.183432,0.129964,0.058942,0.068295,0.037128,0.049533,0.023277,0.031274,0.021019,0.021934,0.010741,0.021893,0.028904,0.035769,0.004715,0.012392,0.003046,0.016020,0.010547
0,r_t_2368.jpg,0.171359,0.133201,0.127187,0.028653,0.048940,0.026778,0.027056,0.013439,0.014462,0.012748,0.021586,0.012404,0.026475,0.014468,0.022505,0.018280,0.016083,0.008767,0.012391,0.006600
1,t3_t_0290.jpg,0.264440,0.086409,0.067095,0.069916,0.129005,0.097849,0.086124,0.060612,0.031018,0.026718,0.035363,0.028029,0.013511,0.018103,0.016379,0.012235,0.012336,0.004243,0.012996,0.010243
1,t3_t_0340.jpg,0.357336,0.169775,0.089955,0.050666,0.061234,0.018138,0.021606,0.024594,0.019682,0.012676,0.020132,0.008980,0.009944,0.016480,0.008265,0.016370,0.006864,0.010300,0.009659,0.003617
1,t3_t_0360.jpg,0.249832,0.142867,0.069692,0.039549,0.040784,0.036158,0.028932,0.027685,0.033281,0.020840,0.015852,0.003427,0.010219,0.009169,0.010539,0.007399,0.010447,0.009991,0.006485,0.009984
1,t3_t_0370.jpg,0.248879,0.138480,0.065228,0.039200,0.035483,0.010828,0.025687,0.023873,0.017703,0.022269,0.009884,0.016499,0.008762,0.011967,0.009281,0.006544,0.009200,0.005826,0.005852,0.007905
1,t3_t_0380.jpg,0.406560,0.191755,0.106861,0.068289,0.052507,0.033143,0.007285,0.037933,0.016536,0.013289,0.019631,0.010723,0.011150,0.007044,0.014035,0.011313,0.013989,0.003005,0.004912,0.014022
1,t3_t_0390.jpg,0.434942,0.212428,0.097054,0.060804,0.071349,0.028591,0.017693,0.029765,0.013262,0.010462,0.007340,0.008621,0.017085,0.010598,0.003947,0.013158,0.007553,0.008458,0.008478,0.007623
1,t3_t_0420.jpg,0.355494,0.200788,0.102273,0.082224,0.039100,0.029743,0.029856,0.024603,0.016974,0.012005,0.016551,0.013606,0.012167,0.013615,0.009782,0.008710,0.014131,0.008054,0.007794,0.008007
1,t3_t_0430.jpg,0.295172,0.186838,0.077883,0.065428,0.042856,0.020182,0.023236,0.032758,0.020877,0.015183,0.010841,0.009840,0.008687,0.014082,0.010050,0.013071,0.014457,0.004302,0.008759,0.008799
1,t3_t_0450.jpg,0.276665,0.158245,0.084725,0.061219,0.038961,0.025164,0.031688,0.021972,0.021719,0.007930,0.011639,0.011307,0.004701,0.010629,0.016100,0.012324,0.008356,0.012830,0.010083,0.013247
1,t3_t_0460.jpg,0.277047,0.179025,0.083530,0.072160,0.040871,0.034306,0.026649,0.026992,0.020038,0.011097,0.019865,0.008328,0.012122,0.005811,0.014800,0.004602,0.009212,0.009115,0.004609,0.004881
1,t3_t_0470.jpg,0.486142,0.242262,0.098979,0.028109,0.051631,0.030863,0.041179,0.010365,0.015051,0.013694,0.025372,0.012252,0.016672,0.009061,0.019979,0.012900,0.007437,0.016335,0.007707,0.016749
1,t3_t_0480.jpg,0.293374,0.179916,0.093856,0.064965,0.031291,0.059784,0.014976,0.018033,0.010568,0.014303,0.008506,0.012509,0.010059,0.003817,0.011385,0.007694,0.012556,0.007390,0.004605,0.006542
1,t3_t_0490.jpg,0.302639,0.177498,0.105150,0.056435,0.030465,0.054413,0.020465,0.020265,0.011325,0.015687,0.006399,0.009014,0.007628,0.009169,0.011632,0.005713,0.007505,0.012415,0.007250,0.010016
1,t3_t_0500.jpg,0.271169,0.173258,0.097716,0.058278,0.032286,0.052117,0.012126,0.021529,0.010952,0.018281,0.008231,0.015168,0.012609,0.006262,0.011535,0.006182,0.013465,0.003997,0.003322,0.006018
1,t3_t_0510.jpg,0.283487,0.160733,0.111365,0.059784,0.024862,0.045381,0.031275,0.022094,0.011761,0.016707,0.008597,0.009262,0.013643,0.004593,0.011662,0.006120,0.006542,0.008707,0.008663,0.009295
1,t3_t_0520.jpg,0.279409,0.170845,0.112110,0.057313,0.021640,0.051068,0.020945,0.020038,0.005484,0.018147,0.007536,0.012979,0.011684,0.006029,0.007846,0.008149,0.012113,0.005875,0.007274,0.007494
1,t3_t_0530.jpg,0.287636,0.141494,0.110449,0.056174,0.020841,0.055582,0.020090,0.017238,0.016835,0.015098,0.012712,0.015093,0.015545,0.006177,0.005696,0.007498,0.008707,0.010090,0.008508,0.005006
1,t3_t_0540.jpg,0.307941,0.151178,0.110282,0.041505,0.032740,0.047795,0.022252,0.012436,0.023822,0.012081,0.008076,0.021753,0.016648,0.012633,0.010307,0.004310,0.010491,0.004531,0.004896,0.010440
1,t3_t_0550.jpg,0.418408,0.195715,0.121961,0.047721,0.042439,0.041696,0.024747,0.010709,0.019748,0.020122,0.006744,0.008906,0.009990,0.007984,0.015757,0.014539,0.008519,0.010129,0.010116,0.005124
1,t3_t_0560.jpg,0.353525,0.170028,0.110951,0.056539,0.035685,0.035066,0.010222,0.020363,0.010775,0.014764,0.015013,0.020523,0.010138,0.025538,0.013080,0.009108,0.011302,0.007824,0.009054,0.011649
1,t3_t_0570.jpg,0.355208,0.160168,0.104020,0.056462,0.030281,0.034069,0.013434,0.016844,0.010964,0.011205,0.020706,0.021131,0.008677,0.028237,0.008734,0.008515,0.013027,0.009079,0.006287,0.011851
1,t3_t_0580.jpg,0.345248,0.158562,0.107957,0.045866,0.023552,0.031494,0.020402,0.015460,0.015207,0.012381,0.017788,0.028503,0.006420,0.025371,0.014907,0.007073,0.012261,0.012772,0.008162,0.011763
1,t3_t_0590.jpg,0.338592,0.159905,0.113591,0.052253,0.030535,0.031898,0.018346,0.016978,0.015826,0.011488,0.016523,0.025381,0.008412,0.024511,0.014930,0.007612,0.011902,0.010238,0.007488,0.013191
1,t3_t_0600.jpg,0.340499,0.162957,0.114058,0.054622,0.029080,0.033237,0.020389,0.014654,0.015200,0.010820,0.015749,0.025665,0.005413,0.024014,0.015830,0.005540,0.010158,0.009015,0.008401,0.011940
1,t3_t_0610.jpg,0.331061,0.156377,0.109103,0.045751,0.026652,0.030918,0.019918,0.013866,0.019220,0.012515,0.015774,0.029433,0.016462,0.016403,0.016052,0.008748,0.008827,0.011080,0.006828,0.014097
1,t3_t_0620.jpg,0.316189,0.153043,0.111422,0.057564,0.032428,0.041652,0.024548,0.020335,0.017291,0.019707,0.014759,0.010950,0.006233,0.009195,0.015281,0.008581,0.009770,0.006644,0.006595,0.005303
1,t3_t_0630.jpg,0.514661,0.079812,0.122924,0.046962,0.082994,0.078649,0.059173,0.040034,0.037423,0.023085,0.021589,0.026481,0.013925,0.006930,0.010259,0.010682,0.009099,0.009296,0.011343,0.008358
1,t3_t_0640.jpg,0.512518,0.203397,0.095443,0.105538,0.049218,0.018951,0.053769,0.038927,0.034538,0.021501,0.026742,0.015531,0.018882,0.017687,0.011124,0.004501,0.009341,0.014997,0.015913,0.010038
1,t3_t_0650.jpg,0.429129,0.102042,0.109100,0.062131,0.050608,0.021571,0.045854,0.031341,0.024941,0.021734,0.034044,0.020993,0.020014,0.022528,0.013258,0.010279,0.008360,0.006954,0.007083,0.006884
1,t3_t_0660.jpg,0.426004,0.117163,0.114643,0.064190,0.034756,0.015687,0.012192,0.018651,0.016729,0.016577,0.008214,0.023699,0.008556,0.011540,0.004592,0.008552,0.017695,0.006352,0.009666,0.004474
1,t3_t_0670.jpg,0.441921,0.142877,0.087090,0.043358,0.024963,0.032962,0.032281,0.012788,0.019465,0.005811,0.019796,0.007603,0.021228,0.011938,0.013506,0.007097,0.007598,0.004742,0.004098,0.008024
1,t3_t_0700.jpg,0.297247,0.141606,0.078644,0.059843,0.015884,0.041846,0.020632,0.035297,0.017464,0.019742,0.019635,0.008629,0.010184,0.012750,0.011262,0.005937,0.008225,0.008352,0.004051,0.008461
1,t3_t_0710.jpg,0.290809,0.126335,0.078249,0.044410,0.021369,0.037083,0.021708,0.031635,0.015183,0.020933,0.023779,0.012315,0.012467,0.010338,0.009188,0.005179,0.005990,0.011241,0.006254,0.005636
1,t3_t_0720.jpg,0.327793,0.151383,0.082138,0.062937,0.021552,0.047651,0.018357,0.025331,0.017418,0.016603,0.023963,0.008874,0.011551,0.010306,0.008895,0.011115,0.004917,0.008520,0.011019,0.009063
1,t3_t_0730.jpg,0.371079,0.144999,0.073360,0.051743,0.017627,0.038672,0.015447,0.029441,0.020004,0.017509,0.021249,0.006562,0.006125,0.008653,0.008095,0.006838,0.007216,0.002523,0.009363,0.002973
1,t3_t_0740.jpg,0.308009,0.114219,0.093854,0.048579,0.025322,0.014465,0.019236,0.030983,0.024420,0.020962,0.013477,0.007336,0.003798,0.013439,0.010344,0.014353,0.004932,0.008685,0.011344,0.006151
1,t3_t_0750.jpg,0.337919,0.139349,0.113280,0.057048,0.021130,0.022287,0.023247,0.026379,0.012051,0.020920,0.018548,0.010925,0.010362,0.011907,0.011311,0.005966,0.008228,0.006627,0.013135,0.005342
1,t3_t_0760.jpg,0.272565,0.127958,0.114365,0.046930,0.028378,0.016048,0.025380,0.026061,0.014499,0.022422,0.012654,0.012812,0.015078,0.015734,0.008304,0.011207,0.010967,0.009546,0.009402,0.003781
1,t3_t_0770.jpg,0.305988,0.135323,0.093850,0.055648,0.021643,0.017967,0.022366,0.027376,0.013449,0.022086,0.014009,0.009934,0.015540,0.009073,0.008873,0.010191,0.007403,0.012359,0.008861,0.002068
1,t3_t_0780.jpg,0.347501,0.139185,0.109001,0.053808,0.027852,0.018856,0.018095,0.022818,0.011896,0.016836,0.016241,0.010772,0.017385,0.009120,0.011420,0.004889,0.009338,0.009515,0.005967,0.007408
1,t3_t_0790.jpg,0.321149,0.140991,0.108360,0.050719,0.031807,0.017544,0.017199,0.028358,0.010628,0.017022,0.014175,0.008994,0.014729,0.010242,0.013145,0.006387,0.007775,0.011598,0.007038,0.006786
1,t3_t_0810.jpg,0.390576,0.155425,0.122979,0.062324,0.022531,0.021508,0.011890,0.023207,0.029019,0.020366,0.014307,0.006138,0.008106,0.003581,0.015245,0.008849,0.007271,0.007834,0.008849,0.007040
1,t3_t_0820.jpg,0.313591,0.147290,0.119623,0.050615,0.028649,0.016747,0.027360,0.021579,0.015792,0.012683,0.008012,0.005916,0.011197,0.014930,0.010750,0.004926,0.007375,0.010811,0.006539,0.007922
1,t3_t_0830.jpg,0.295061,0.142623,0.113811,0.058618,0.032888,0.023085,0.029081,0.025704,0.010902,0.017548,0.013825,0.011893,0.013610,0.010817,0.004941,0.006427,0.007537,0.006289,0.009109,0.006261
1,t3_t_0840.jpg,0.262229,0.135055,0.110757,0.059693,0.037329,0.022509,0.026403,0.028512,0.015604,0.018541,0.009425,0.013030,0.013134,0.013428,0.005551,0.004458,0.010560,0.008891,0.005130,0.005384
1,t3_t_0850.jpg,0.279014,0.137013,0.118899,0.056372,0.034385,0.020541,0.025187,0.023132,0.012886,0.017607,0.008390,0.010688,0.014079,0.015475,0.005080,0.003034,0.006723,0.009224,0.006348,0.005280
1,t3_t_0860.jpg,0.253104,0.138371,0.108479,0.055098,0.035990,0.020295,0.023534,0.026070,0.013701,0.018563,0.005105,0.009719,0.016558,0.008735,0.007778,0.005456,0.009501,0.005880,0.005947,0.004033
1,t3_t_0870.jpg,0.243370,0.126211,0.108200,0.050739,0.036579,0.027017,0.012916,0.025341,0.010331,0.019603,0.003980,0.018812,0.007496,0.007901,0.008003,0.006948,0.006903,0.001493,0.003880,0.006264
1,t3_t_0880.jpg,0.241826,0.119136,0.113532,0.048685,0.038514,0.029123,0.011403,0.025013,0.008579,0.018095,0.005591,0.015958,0.011562,0.007176,0.008867,0.006700,0.011645,0.002293,0.006942,0.005497
1,t3_t_0890.jpg,0.245351,0.113691,0.108874,0.047651,0.033806,0.027247,0.022636,0.020558,0.008553,0.012032,0.005152,0.017142,0.016008,0.006191,0.006477,0.006480,0.006452,0.005137,0.004252,0.002948
1,t3_t_0900.jpg,0.239314,0.110778,0.110517,0.047965,0.035894,0.027544,0.021740,0.018182,0.009202,0.010021,0.006050,0.015557,0.016704,0.005834,0.006315,0.007236,0.005863,0.005715,0.004317,0.004399
1,t3_t_0910.jpg,0.255619,0.118095,0.104708,0.043053,0.036442,0.028632,0.021466,0.021673,0.014897,0.017711,0.010333,0.015506,0.017556,0.008892,0.004572,0.003815,0.005105,0.007674,0.003837,0.003213
1,t3_t_0920.jpg,0.255557,0.112119,0.093330,0.042048,0.045024,0.030580,0.022752,0.021245,0.014506,0.009907,0.010083,0.012487,0.012342,0.006713,0.010625,0.003993,0.007404,0.005999,0.004111,0.003162
1,t3_t_0930.jpg,0.215005,0.113387,0.110185,0.049749,0.052225,0.021461,0.030930,0.015130,0.023070,0.013257,0.018206,0.011359,0.013559,0.011813,0.006112,0.004206,0.007164,0.005501,0.003615,0.005315
1,t3_t_0940.jpg,0.414817,0.212564,0.075071,0.080030,0.072308,0.039602,0.033576,0.013843,0.024303,0.020609,0.012373,0.005329,0.004475,0.012765,0.012699,0.014704,0.013803,0.012047,0.009836,0.004787
1,t3_t_1000.jpg,0.276176,0.110765,0.070974,0.056159,0.032224,0.064478,0.013784,0.018961,0.012022,0.007792,0.015654,0.006624,0.021638,0.019265,0.011248,0.010056,0.010740,0.006197,0.006422,0.006445
1,t3_t_1010.jpg,0.303599,0.074687,0.105580,0.038491,0.045611,0.042336,0.010398,0.020405,0.013488,0.013892,0.016802,0.012466,0.019330,0.007044,0.008986,0.007539,0.010123,0.010032,0.005858,0.009682
1,t3_t_1020.jpg,0.339066,0.057470,0.107881,0.040702,0.044126,0.028893,0.015592,0.030059,0.012996,0.023448,0.007538,0.011938,0.012023,0.005956,0.005054,0.012715,0.007839,0.005308,0.002962,0.005755
1,t3_t_1030.jpg,0.356449,0.067345,0.124773,0.045430,0.042170,0.042166,0.030739,0.027913,0.013733,0.014863,0.018664,0.006307,0.017397,0.009673,0.003472,0.003313,0.014673,0.005167,0.004091,0.009406
1,t3_t_1040.jpg,0.362552,0.089634,0.131062,0.031096,0.034189,0.053809,0.031285,0.016480,0.019169,0.012595,0.022678,0.007703,0.011063,0.011002,0.007284,0.014378,0.007847,0.006871,0.008206,0.009032
1,t3_t_1050.jpg,0.380806,0.099182,0.124529,0.038416,0.036568,0.053881,0.037926,0.015062,0.023168,0.015275,0.013584,0.004707,0.010060,0.010154,0.009823,0.009174,0.008260,0.007581,0.009842,0.007513
1,t3_t_1060.jpg,0.383228,0.111380,0.090768,0.071908,0.036648,0.052010,0.039914,0.016244,0.026582,0.021183,0.019478,0.020876,0.005884,0.018915,0.023627,0.015502,0.009576,0.009421,0.009918,0.006591
1,t3_t_1070.jpg,0.396368,0.093016,0.113694,0.045263,0.032889,0.047006,0.031637,0.015059,0.020356,0.008530,0.020365,0.004637,0.015914,0.012849,0.004527,0.011298,0.012935,0.009457,0.007918,0.006445
1,t3_t_1080.jpg,0.376592,0.103562,0.120813,0.039729,0.031233,0.051112,0.034353,0.010082,0.022108,0.015480,0.021155,0.005030,0.011679,0.009653,0.011954,0.005665,0.009047,0.011424,0.006854,0.005925
1,t3_t_1090.jpg,0.377713,0.088021,0.116167,0.057684,0.029239,0.043230,0.036853,0.007483,0.019307,0.015634,0.016579,0.007711,0.009293,0.013512,0.011106,0.013450,0.004761,0.011236,0.008104,0.008100
1,t3_t_1100.jpg,0.711120,0.183288,0.160969,0.037812,0.059744,0.067260,0.020187,0.031530,0.023811,0.025051,0.017059,0.008616,0.017574,0.005396,0.009180,0.007585,0.010828,0.003865,0.001732,0.004504
1,t3_t_1120.jpg,0.675204,0.127894,0.152851,0.038717,0.027976,0.050553,0.038683,0.007145,0.011764,0.019322,0.014248,0.010954,0.013486,0.014947,0.016644,0.004852,0.012348,0.008214,0.004414,0.008517
1,t3_t_1130.jpg,0.655413,0.172662,0.137698,0.043879,0.034936,0.055809,0.034343,0.007759,0.026097,0.019334,0.009701,0.015830,0.014500,0.005043,0.007771,0.017348,0.002731,0.007505,0.006500,0.012374
1,t3_t_1140.jpg,0.560155,0.203498,0.123048,0.047066,0.043658,0.058750,0.019472,0.010147,0.027472,0.022794,0.015500,0.007783,0.012266,0.014605,0.010672,0.005868,0.013701,0.005691,0.005238,0.001661
1,t3_t_1200.jpg,0.536727,0.203815,0.120913,0.053818,0.041661,0.040921,0.030361,0.010847,0.022943,0.019823,0.013069,0.014272,0.018349,0.014224,0.019064,0.009330,0.014585,0.009814,0.007405,0.007246
1,t3_t_1210.jpg,0.538579,0.203567,0.121325,0.052504,0.040446,0.039726,0.029653,0.009229,0.023717,0.020363,0.014041,0.014991,0.019365,0.011747,0.016462,0.007451,0.011970,0.007368,0.006219,0.006136
1,t3_t_1220.jpg,0.602607,0.179032,0.137334,0.052302,0.032596,0.042904,0.024544,0.009507,0.030016,0.023417,0.012479,0.013695,0.017862,0.018014,0.003069,0.015071,0.009397,0.006977,0.009982,0.005987
1,t3_t_1230.jpg,0.403582,0.217037,0.128659,0.056238,0.036646,0.034568,0.029842,0.011479,0.019683,0.016037,0.017628,0.012778,0.009156,0.012164,0.008192,0.010061,0.011301,0.002136,0.006727,0.008316
1,t3_t_1240.jpg,0.420071,0.215595,0.131350,0.055175,0.049617,0.024112,0.024248,0.014470,0.006129,0.014124,0.013060,0.007699,0.019250,0.005272,0.010906,0.009697,0.011250,0.010025,0.013412,0.005594
1,t3_t_1250.jpg,0.398277,0.211057,0.121940,0.058650,0.057876,0.026940,0.020822,0.013587,0.013689,0.015211,0.014891,0.005365,0.014691,0.007183,0.010267,0.005753,0.012626,0.003228,0.006531,0.005782
1,t3_t_1260.jpg,0.378304,0.201301,0.121389,0.063519,0.061512,0.023447,0.025684,0.019824,0.012145,0.014002,0.018607,0.007098,0.014539,0.014648,0.007692,0.006112,0.010688,0.002793,0.009969,0.003279
1,t3_t_1270.jpg,0.372639,0.198573,0.120160,0.071389,0.054391,0.024587,0.024150,0.020746,0.010804,0.015202,0.017274,0.003348,0.015676,0.013132,0.005518,0.009190,0.011110,0.007797,0.007923,0.003616
1,t3_t_1280.jpg,0.366714,0.205968,0.102796,0.071616,0.056283,0.020301,0.036525,0.017769,0.011420,0.018140,0.016256,0.011591,0.015325,0.017066,0.008657,0.008239,0.007036,0.009177,0.007166,0.005899
1,t3_t_1290.jpg,0.371441,0.195233,0.093427,0.076450,0.058790,0.016220,0.033798,0.018662,0.017306,0.016159,0.014696,0.013242,0.005882,0.019081,0.005677,0.014774,0.009937,0.008349,0.006560,0.009835
1,t3_t_1300.jpg,0.365169,0.199127,0.084237,0.083028,0.061885,0.025093,0.035482,0.026077,0.018243,0.015270,0.021057,0.012213,0.008793,0.021680,0.009735,0.014068,0.008951,0.009136,0.006411,0.009436
1,t3_t_1310.jpg,0.327028,0.230237,0.104665,0.078323,0.035791,0.032241,0.026517,0.019152,0.023400,0.009931,0.020891,0.005867,0.008093,0.014771,0.004968,0.011138,0.004979,0.006664,0.005509,0.003855
1,t3_t_1320.jpg,0.334765,0.229364,0.105495,0.076050,0.038753,0.033107,0.022348,0.018297,0.026712,0.014400,0.021318,0.007819,0.009518,0.013930,0.005738,0.012751,0.002508,0.006915,0.006523,0.006638
1,t3_t_1330.jpg,0.343543,0.219284,0.116078,0.091429,0.046953,0.032788,0.029372,0.012036,0.027392,0.007782,0.018289,0.003227,0.007350,0.005226,0.005328,0.011369,0.004460,0.008482,0.003758,0.006698
1,t3_t_1340.jpg,0.311101,0.230537,0.099051,0.083466,0.036016,0.033718,0.020667,0.019039,0.032862,0.013709,0.021558,0.005692,0.018506,0.008934,0.007126,0.010937,0.003553,0.004894,0.005950,0.004425
1,t3_t_1350.jpg,0.320555,0.233777,0.118731,0.073575,0.031167,0.030496,0.028455,0.016152,0.030846,0.011717,0.026523,0.012094,0.020121,0.010638,0.005280,0.010048,0.004634,0.008184,0.004433,0.007277
1,t3_t_1360.jpg,0.294217,0.204568,0.117591,0.059695,0.040019,0.039430,0.034092,0.025787,0.029400,0.013015,0.024910,0.013730,0.016884,0.007836,0.006528,0.010511,0.007113,0.006231,0.001724,0.009191
1,t3_t_1370.jpg,0.280188,0.206114,0.116243,0.071102,0.036798,0.033131,0.020914,0.021087,0.029899,0.013014,0.018888,0.007856,0.024586,0.004606,0.013718,0.011559,0.005444,0.005499,0.003452,0.013281
1,t3_t_1380.jpg,0.305982,0.206683,0.116071,0.051752,0.030855,0.034281,0.025135,0.026416,0.033777,0.014627,0.020329,0.013978,0.013478,0.013449,0.015521,0.008572,0.007469,0.006777,0.005403,0.010345
1,t3_t_1390.jpg,0.316904,0.207729,0.119560,0.046071,0.027792,0.031796,0.023621,0.023778,0.030936,0.015208,0.017713,0.015401,0.012236,0.017085,0.010768,0.007680,0.006750,0.009940,0.007901,0.007071
1,t3_t_1400.jpg,0.284378,0.199179,0.123284,0.058316,0.029812,0.035646,0.025989,0.028015,0.034662,0.015147,0.018151,0.010665,0.014216,0.007256,0.012367,0.008426,0.005289,0.011815,0.003912,0.013054
1,t3_t_1410.jpg,0.298292,0.201145,0.126165,0.054031,0.029336,0.034972,0.026223,0.024078,0.032814,0.016404,0.016019,0.013667,0.013109,0.013108,0.012484,0.008342,0.006423,0.010333,0.005627,0.010841
1,t3_t_1420.jpg,0.267602,0.191677,0.128710,0.048572,0.026799,0.038646,0.027188,0.019403,0.034557,0.018265,0.020626,0.007290,0.013719,0.013058,0.011208,0.012804,0.002392,0.006526,0.003989,0.011918
1,t3_t_1430.jpg,0.281336,0.193889,0.130853,0.045483,0.027110,0.039989,0.027432,0.018714,0.032208,0.018897,0.017532,0.010341,0.013478,0.017553,0.013061,0.013356,0.003796,0.006237,0.005246,0.009658
1,t3_t_1440.jpg,0.280388,0.194401,0.136323,0.045268,0.022692,0.039627,0.025539,0.018695,0.034738,0.023139,0.020314,0.013586,0.010996,0.015398,0.012347,0.014739,0.003850,0.004578,0.007805,0.007919
1,t3_t_1450.jpg,0.276353,0.190573,0.136836,0.048308,0.025651,0.038353,0.022548,0.018002,0.033894,0.022754,0.020313,0.013539,0.011720,0.016116,0.012458,0.013800,0.006034,0.004606,0.008920,0.007579
1,t3_t_1460.jpg,0.284843,0.188857,0.136347,0.054635,0.027005,0.036707,0.019617,0.019897,0.034893,0.024495,0.020568,0.017274,0.012404,0.015430,0.013795,0.010980,0.004901,0.003566,0.008814,0.008372
1,t3_t_1470.jpg,0.276317,0.190615,0.135773,0.047994,0.027912,0.035821,0.026821,0.025997,0.041581,0.024271,0.015465,0.015530,0.014796,0.015632,0.008587,0.012696,0.005278,0.004216,0.008968,0.006591
1,t3_t_1480.jpg,0.289542,0.200704,0.127023,0.057580,0.030167,0.031052,0.027472,0.030395,0.040755,0.024858,0.018327,0.016493,0.010664,0.015496,0.013018,0.007166,0.004769,0.006985,0.006439,0.005429
1,t3_t_1490.jpg,0.288550,0.191330,0.127338,0.043815,0.023928,0.034733,0.027215,0.028730,0.037322,0.020884,0.014337,0.015347,0.012942,0.013785,0.010222,0.009087,0.005108,0.005536,0.006465,0.006970
1,t3_t_1500.jpg,0.307900,0.217175,0.136586,0.070054,0.033279,0.028739,0.027660,0.031345,0.032479,0.029065,0.020595,0.019237,0.013564,0.015104,0.016216,0.008936,0.005311,0.007357,0.006746,0.006342
1,t3_t_1510.jpg,0.309547,0.188567,0.137220,0.058435,0.036280,0.041930,0.025135,0.041141,0.030759,0.032966,0.019793,0.018486,0.017206,0.016018,0.010229,0.006065,0.013158,0.005864,0.015215,0.009034
1,t3_t_1520.jpg,0.309416,0.194663,0.141410,0.065488,0.042434,0.035665,0.020792,0.035941,0.034358,0.031643,0.028775,0.019214,0.013669,0.016076,0.009174,0.014070,0.008186,0.004929,0.014044,0.014608
1,t3_t_1530.jpg,0.309262,0.194194,0.138575,0.067056,0.045020,0.032168,0.018695,0.039314,0.030650,0.031493,0.026172,0.016191,0.015001,0.018564,0.015282,0.010810,0.009879,0.005088,0.014992,0.011666
1,t3_t_1540.jpg,0.307429,0.193195,0.141327,0.064880,0.040267,0.036478,0.018821,0.038241,0.031229,0.031016,0.022163,0.017174,0.014158,0.016823,0.010603,0.007657,0.011047,0.004636,0.012784,0.012299
1,t3_t_1550.jpg,0.309552,0.189353,0.143264,0.065555,0.039949,0.034394,0.020058,0.036995,0.032480,0.029009,0.025535,0.018078,0.013269,0.016077,0.009331,0.009324,0.012001,0.003694,0.010949,0.014646
1,t3_t_1560.jpg,0.306155,0.190874,0.141524,0.064630,0.040220,0.034512,0.018512,0.037863,0.031584,0.030332,0.021294,0.017420,0.016258,0.015770,0.009910,0.008611,0.013307,0.002813,0.012880,0.015353
1,t3_t_1360.jpg,0.294217,0.204568,0.117591,0.059695,0.040019,0.039430,0.034092,0.025787,0.029400,0.013015,0.024910,0.013730,0.016884,0.007836,0.006528,0.010511,0.007113,0.006231,0.001724,0.009191
1,t3_t_1370.jpg,0.280188,0.206114,0.116243,0.071102,0.036798,0.033131,0.020914,0.021087,0.029899,0.013014,0.018888,0.007856,0.024586,0.004606,0.013718,0.011559,0.005444,0.005499,0.003452,0.013281
1,t3_t_1380.jpg,0.305982,0.206683,0.116071,0.051752,0.030855,0.034281,0.025135,0.026416,0.033777,0.014627,0.020329,0.013978,0.013478,0.013449,0.015521,0.008572,0.007469,0.006777,0.005403,0.010345
1,t3_t_1390.jpg,0.316904,0.207729,0.119560,0.046071,0.027792,0.031796,0.023621,0.023778,0.030936,0.015208,0.017713,0.015401,0.012236,0.017085,0.010768,0.007680,0.006750,0.009940,0.007901,0.007071
1,t3_t_1400.jpg,0.284378,0.199179,0.123284,0.058316,0.029812,0.035646,0.025989,0.028015,0.034662,0.015147,0.018151,0.010665,0.014216,0.007256,0.012367,0.008426,0.005289,0.011815,0.003912,0.013054
1,t3_t_1410.jpg,0.298292,0.201145,0.126165,0.054031,0.029336,0.034972,0.026223,0.024078,0.032814,0.016404,0.016019,0.013667,0.013109,0.013108,0.012484,0.008342,0.006423,0.010333,0.005627,0.010841
1,t3_t_1420.jpg,0.267602,0.191677,0.128710,0.048572,0.026799,0.038646,0.027188,0.019403,0.034557,0.018265,0.020626,0.007290,0.013719,0.013058,0.011208,0.012804,0.002392,0.006526,0.003989,0.011918
1,t3_t_1430.jpg,0.281336,0.193889,0.130853,0.045483,0.027110,0.039989,0.027432,0.018714,0.032208,0.018897,0.017532,0.010341,0.013478,0.017553,0.013061,0.013356,0.003796,0.006237,0.005246,0.009658
1,t3_t_1440.jpg,0.280388,0.194401,0.136323,0.045268,0.022692,0.039627,0.025539,0.018695,0.034738,0.023139,0.020314,0.013586,0.010996,0.015398,0.012347,0.014739,0.003850,0.004578,0.007805,0.007919
1,t3_t_1450.jpg,0.276353,0.190573,0.136836,0.048308,0.025651,0.038353,0.022548,0.018002,0.033894,0.022754,0.020313,0.013539,0.011720,0.016116,0.012458,0.013800,0.006034,0.004606,0.008920,0.007579
1,t3_t_1460.jpg,0.284843,0.188857,0.136347,0.054635,0.027005,0.036707,0.019617,0.019897,0.034893,0.024495,0.020568,0.017274,0.012404,0.015430,0.013795,0.010980,0.004901,0.003566,0.008814,0.008372
1,t3_t_1480.jpg,0.289542,0.200704,0.127023,0.057580,0.030167,0.031052,0.027472,0.030395,0.040755,0.024858,0.018327,0.016493,0.010664,0.015496,0.013018,0.007166,0.004769,0.006985,0.006439,0.005429
1,t3_t_1500.jpg,0.307900,0.217175,0.136586,0.070054,0.033279,0.028739,0.027660,0.031345,0.032479,0.029065,0.020595,0.019237,0.013564,0.015104,0.016216,0.008936,0.005311,0.007357,0.006746,0.006342
1,t3_t_1520.jpg,0.309416,0.194663,0.141410,0.065488,0.042434,0.035665,0.020792,0.035941,0.034358,0.031643,0.028775,0.019214,0.013669,0.016076,0.009174,0.014070,0.008186,0.004929,0.014044,0.014608
1,t3_t_1540.jpg,0.307429,0.193195,0.141327,0.064880,0.040267,0.036478,0.018821,0.038241,0.031229,0.031016,0.022163,0.017174,0.014158,0.016823,0.010603,0.007657,0.011047,0.004636,0.012784,0.012299
1,t3_t_1560.jpg,0.306155,0.190874,0.141524,0.064630,0.040220,0.034512,0.018512,0.037863,0.031584,0.030332,0.021294,0.017420,0.016258,0.015770,0.009910,0.008611,0.013307,0.002813,0.012880,0.015353
1,t3_t_1570.jpg,0.304035,0.192843,0.142044,0.060864,0.035674,0.034452,0.018089,0.037352,0.034663,0.028558,0.024686,0.016518,0.017278,0.016569,0.011488,0.006093,0.014963,0.002476,0.013923,0.014783
1,t3_t_1610.jpg,0.274795,0.186671,0.156848,0.056967,0.035434,0.026014,0.045427,0.033218,0.037871,0.021656,0.020323,0.011427,0.018993,0.010856,0.015893,0.007312,0.008151,0.014160,0.002592,0.014068
1,t3_t_1640.jpg,0.264607,0.181887,0.151896,0.059023,0.038366,0.020518,0.049333,0.030857,0.037793,0.027246,0.019948,0.011282,0.017774,0.009952,0.020274,0.005694,0.009512,0.013354,0.002156,0.011780
1,t3_t_1660.jpg,0.222231,0.189684,0.147099,0.053655,0.027059,0.030454,0.049795,0.014877,0.034173,0.025766,0.015526,0.015534,0.017893,0.008710,0.013294,0.010370,0.011512,0.010319,0.007494,0.013641
1,t3_t_1670.jpg,0.275176,0.164989,0.112097,0.038577,0.029383,0.057791,0.026508,0.042675,0.020833,0.017469,0.020740,0.014929,0.014465,0.003642,0.005709,0.006649,0.012121,0.008023,0.002555,0.006955
1,t3_t_1690.jpg,0.282548,0.159120,0.070597,0.061948,0.023261,0.049768,0.040514,0.043105,0.020715,0.023922,0.014868,0.012806,0.005087,0.010469,0.012904,0.003915,0.007047,0.005284,0.009764,0.006039
1,t3_t_1710.jpg,0.275802,0.168724,0.089750,0.048871,0.032222,0.036526,0.016768,0.046460,0.027214,0.025762,0.019131,0.013185,0.010215,0.010910,0.008317,0.007368,0.006372,0.009263,0.002458,0.002031
1,t3_t_1730.jpg,0.326037,0.146656,0.097278,0.051951,0.038645,0.032282,0.045583,0.033244,0.031674,0.021650,0.012329,0.020027,0.011549,0.010493,0.010486,0.005633,0.009490,0.015497,0.006564,0.007038
1,t3_t_1750.jpg,0.317834,0.144585,0.110396,0.033490,0.039109,0.032609,0.035091,0.037959,0.030911,0.024156,0.014939,0.018858,0.010043,0.009228,0.010879,0.006350,0.012418,0.011054,0.008325,0.009194
1,t3_t_1780.jpg,0.342291,0.135427,0.142543,0.043647,0.026434,0.042054,0.021865,0.034243,0.021220,0.027240,0.010619,0.019801,0.014559,0.009018,0.006825,0.009963,0.007343,0.006727,0.002476,0.009249
1,t3_t_1800.jpg,0.365063,0.141208,0.119198,0.049419,0.032429,0.044141,0.035280,0.040213,0.028473,0.021957,0.009178,0.015104,0.006095,0.007310,0.006128,0.011315,0.005524,0.004377,0.006405,0.011697
1,t3_t_1820.jpg,0.374228,0.151847,0.107825,0.041634,0.033493,0.038788,0.044002,0.034944,0.032621,0.017105,0.008994,0.015682,0.010824,0.008511,0.008807,0.011693,0.005485,0.009567,0.012863,0.013022
1,t3_t_1840.jpg,0.294882,0.186918,0.104871,0.041036,0.035696,0.045684,0.046167,0.049783,0.024350,0.024306,0.016772,0.008706,0.004558,0.005655,0.013751,0.015661,0.006584,0.010697,0.019697,0.013702
1,t3_t_1860.jpg,0.202533,0.166179,0.141429,0.048954,0.061107,0.028813,0.013609,0.048147,0.027812,0.024467,0.021104,0.014415,0.014836,0.004278,0.007567,0.009131,0.005977,0.007550,0.007394,0.002112
1,t3_t_1880.jpg,0.485781,0.183848,0.090819,0.112713,0.071451,0.056022,0.031307,0.048182,0.039246,0.017838,0.034832,0.023254,0.022293,0.013957,0.007731,0.009338,0.013200,0.007166,0.012619,0.009622
1,t3_t_1900.jpg,0.202329,0.131953,0.111944,0.070350,0.089642,0.027571,0.027716,0.030199,0.017142,0.013791,0.008405,0.012687,0.006421,0.008365,0.008093,0.009892,0.006310,0.014151,0.008119,0.009872
1,t3_t_1920.jpg,0.266505,0.126001,0.094066,0.109110,0.056121,0.026295,0.027343,0.028457,0.032658,0.009144,0.003803,0.012289,0.012770,0.024698,0.018140,0.003767,0.011541,0.010056,0.015404,0.014155
1,t3_t_1930.jpg,0.295002,0.118425,0.085963,0.106409,0.048638,0.023299,0.042969,0.024975,0.032345,0.012954,0.012861,0.010144,0.015683,0.015136,0.012580,0.002104,0.018179,0.010252,0.016151,0.013148
1,t3_t_1950.jpg,0.328385,0.119427,0.088944,0.083536,0.060203,0.018719,0.023851,0.025469,0.022992,0.020108,0.011505,0.015815,0.016259,0.016967,0.012227,0.004905,0.016978,0.011799,0.004259,0.009147
1,t3_t_1970.jpg,0.342343,0.126938,0.091384,0.089333,0.062376,0.026685,0.025481,0.034015,0.022720,0.015090,0.009844,0.013465,0.014623,0.012101,0.019442,0.010565,0.003957,0.016372,0.005080,0.005758
1,t3_t_1980.jpg,0.336198,0.130748,0.089243,0.084926,0.064036,0.029458,0.024329,0.027569,0.020918,0.017751,0.009364,0.013930,0.018792,0.010350,0.020119,0.006239,0.004351,0.014232,0.005847,0.007665
1,t3_t_2010.jpg,0.321163,0.135872,0.091495,0.067832,0.058062,0.027947,0.013960,0.024063,0.018985,0.016732,0.008362,0.016717,0.013161,0.010082,0.018092,0.010518,0.005430,0.009956,0.005557,0.003434
1,t3_t_2040.jpg,0.333736,0.171706,0.096299,0.083772,0.067426,0.020531,0.016080,0.029123,0.017580,0.018601,0.013582,0.010801,0.013370,0.009775,0.015963,0.011702,0.003012,0.007380,0.004965,0.005425
1,t3_t_2060.jpg,0.323527,0.159120,0.102207,0.089827,0.062690,0.025133,0.016078,0.031583,0.016702,0.021380,0.009534,0.010734,0.011980,0.011405,0.009870,0.010925,0.003713,0.007560,0.011155,0.005154
1,t3_t_2110.jpg,0.328394,0.149283,0.098695,0.073942,0.070660,0.041359,0.011221,0.034858,0.019748,0.022978,0.004417,0.011347,0.005648,0.012867,0.006268,0.016933,0.006838,0.005372,0.010539,0.007174
1,t3_t_2150.jpg,0.606146,0.124603,0.166438,0.057247,0.034534,0.049632,0.046949,0.015799,0.013964,0.023173,0.017057,0.017361,0.006922,0.013924,0.014771,0.005643,0.005804,0.006740,0.006668,0.008328
1,t3_t_2180.jpg,0.624187,0.168174,0.140151,0.051040,0.044357,0.049531,0.038635,0.022636,0.021793,0.029702,0.017470,0.019127,0.010142,0.019294,0.009308,0.006415,0.010784,0.011667,0.009619,0.010245
1,t3_t_2200.jpg,0.454582,0.203148,0.082601,0.083998,0.054767,0.024779,0.026618,0.028988,0.017116,0.020992,0.009662,0.019761,0.008049,0.012668,0.018597,0.013348,0.014487,0.013670,0.005516,0.008999
1,t3_t_2220.jpg,0.432548,0.200283,0.074976,0.070335,0.051084,0.021619,0.030637,0.035801,0.020665,0.018160,0.009600,0.014079,0.010616,0.015945,0.017299,0.018336,0.008419,0.011497,0.009690,0.005332
1,t3_t_2240.jpg,0.441500,0.172273,0.087870,0.083475,0.063924,0.025879,0.026013,0.043641,0.022371,0.017832,0.012846,0.015814,0.008919,0.023486,0.015430,0.014518,0.019005,0.009473,0.010731,0.006207
1,t3_t_2260.jpg,0.501863,0.196763,0.161854,0.052788,0.055201,0.012648,0.039573,0.023040,0.008158,0.018800,0.017081,0.014046,0.012873,0.013960,0.007730,0.012561,0.009949,0.004204,0.011252,0.006792
1,t3_t_2300.jpg,0.381119,0.165353,0.161143,0.058099,0.049802,0.031546,0.026127,0.030224,0.020607,0.018455,0.009364,0.016638,0.016276,0.013547,0.007652,0.007054,0.004347,0.008319,0.011924,0.010043
1,t3_t_2320.jpg,0.373729,0.162523,0.167449,0.057103,0.056949,0.032415,0.025990,0.034511,0.018073,0.017097,0.016841,0.020636,0.015556,0.009059,0.004389,0.003611,0.006990,0.010935,0.007026,0.002729
1,t3_t_2340.jpg,0.374809,0.176543,0.155771,0.073369,0.049237,0.021080,0.024317,0.028972,0.018491,0.012303,0.010371,0.025421,0.006286,0.008511,0.003966,0.002372,0.009380,0.011310,0.003897,0.003638
1,t3_t_2360.jpg,0.351175,0.171998,0.154976,0.082355,0.051685,0.020438,0.018565,0.027332,0.022118,0.012836,0.010267,0.019943,0.010056,0.016151,0.012395,0.003708,0.002078,0.005403,0.009058,0.007478
1,t3_t_2380.jpg,0.334271,0.172977,0.149740,0.073708,0.050945,0.021092,0.026853,0.028389,0.033272,0.012427,0.015668,0.026222,0.016173,0.016648,0.012249,0.003506,0.004324,0.005252,0.006733,0.007388
1,t3_t_2410.jpg,0.307154,0.172313,0.141543,0.076495,0.049541,0.019748,0.031850,0.016581,0.035731,0.010718,0.018412,0.017967,0.013551,0.012553,0.012537,0.004276,0.006678,0.003078,0.004219,0.012955
1,t3_t_2430.jpg,0.321584,0.163122,0.145851,0.074593,0.043907,0.020809,0.024997,0.023625,0.031167,0.019555,0.019187,0.020028,0.012374,0.018466,0.006937,0.008341,0.005058,0.007770,0.008148,0.008079
1,t3_t_2460.jpg,0.304176,0.170433,0.132967,0.082803,0.046383,0.017815,0.025706,0.020518,0.032059,0.017882,0.016761,0.018409,0.011300,0.015240,0.011106,0.007028,0.009182,0.002686,0.010036,0.008110
1,t3_t_2500.jpg,0.295414,0.180330,0.116908,0.081828,0.028056,0.023745,0.024358,0.015269,0.025310,0.019610,0.015857,0.004201,0.015571,0.010192,0.015116,0.007308,0.008114,0.011307,0.011797,0.004559
1,t3_t_2520.jpg,0.269110,0.187442,0.126253,0.079020,0.027739,0.020374,0.036894,0.021422,0.024151,0.020508,0.013417,0.007335,0.020858,0.007607,0.015559,0.007783,0.013448,0.013511,0.009942,0.003532
1,t3_t_2540.jpg,0.165236,0.175221,0.133747,0.049770,0.062915,0.014740,0.011309,0.028009,0.024940,0.022177,0.009484,0.012047,0.010661,0.006561,0.013334,0.008510,0.005287,0.009728,0.003855,0.004855
1,t3_t_2560.jpg,0.369415,0.164440,0.093191,0.033455,0.031898,0.022301,0.012538,0.009480,0.008192,0.022052,0.001746,0.018313,0.007870,0.015046,0.003772,0.008535,0.015751,0.012735,0.008224,0.005675
1,t3_t_2600.jpg,0.332095,0.139682,0.091185,0.034588,0.039800,0.029902,0.012383,0.020196,0.010011,0.009045,0.003253,0.003536,0.008716,0.011343,0.013360,0.011704,0.006649,0.009693,0.007299,0.005124
1,t3_t_2610.jpg,0.351954,0.145145,0.099387,0.028482,0.039692,0.032668,0.018260,0.019175,0.013767,0.008774,0.005081,0.005469,0.011410,0.010604,0.010927,0.007335,0.002849,0.010240,0.003088,0.004048
1,t3_t_2630.jpg,0.352144,0.135289,0.098200,0.036813,0.041873,0.035277,0.015221,0.017035,0.011428,0.008480,0.005416,0.004983,0.008097,0.013070,0.010731,0.009213,0.005797,0.007918,0.006513,0.005412
1,t3_t_2650.jpg,0.527057,0.170468,0.083718,0.028242,0.044996,0.017086,0.020334,0.008853,0.011030,0.014423,0.013121,0.014867,0.008004,0.007642,0.010461,0.009225,0.005978,0.006433,0.008222,0.005055
1,t3_t_2680.jpg,0.279390,0.114991,0.111637,0.084617,0.036495,0.026434,0.037890,0.025044,0.028459,0.034375,0.012527,0.024721,0.012951,0.014533,0.020143,0.005349,0.012753,0.013490,0.007634,0.008344
1,t3_t_2710.jpg,0.280918,0.143563,0.123637,0.072667,0.034344,0.034611,0.020935,0.022827,0.030320,0.024943,0.007924,0.014582,0.006577,0.011157,0.015960,0.009123,0.006801,0.006984,0.007372,0.006626
1,t3_t_2730.jpg,0.300958,0.122448,0.136746,0.075768,0.034079,0.032411,0.026449,0.024447,0.028719,0.026742,0.004213,0.013267,0.008997,0.007218,0.008830,0.004924,0.010456,0.004019,0.012695,0.005280
1,t3_t_2750.jpg,0.332306,0.263132,0.106720,0.059731,0.044148,0.030789,0.064995,0.032458,0.042718,0.010437,0.017608,0.011534,0.013104,0.008807,0.003051,0.010425,0.008579,0.005606,0.007582,0.011937
1,t3_t_2780.jpg,0.344742,0.258222,0.110753,0.058124,0.055688,0.035124,0.054997,0.037635,0.044672,0.013666,0.017059,0.008760,0.013274,0.009660,0.008088,0.013916,0.010306,0.005241,0.008884,0.008574
1,t3_t_2800.jpg,0.327414,0.242864,0.125260,0.047621,0.054932,0.036660,0.055520,0.029771,0.040378,0.014677,0.007171,0.010104,0.006986,0.010107,0.013473,0.011305,0.010737,0.011564,0.010588,0.012778
1,t3_t_2820.jpg,0.323031,0.252905,0.138973,0.051606,0.044152,0.036331,0.051455,0.028175,0.050531,0.014047,0.010532,0.010769,0.008458,0.014052,0.014367,0.010881,0.006854,0.005827,0.006861,0.014668
1,t3_t_2840.jpg,0.327462,0.246862,0.140787,0.050718,0.038174,0.036990,0.050870,0.023988,0.042501,0.014358,0.006698,0.014375,0.009922,0.014123,0.017683,0.007180,0.012561,0.007733,0.004867,0.013560
1,t3_t_2860.jpg,0.320724,0.224645,0.141191,0.042028,0.017600,0.041143,0.054229,0.047816,0.036742,0.013985,0.015837,0.014886,0.007541,0.009295,0.010348,0.008762,0.009971,0.004532,0.005592,0.005144
1,t3_t_2920.jpg,0.380924,0.135453,0.106420,0.109315,0.082712,0.060946,0.062531,0.026259,0.033618,0.020666,0.027987,0.003999,0.022112,0.007338,0.012415,0.004605,0.008282,0.005392,0.006804,0.008732
1,t3_t_2950.jpg,0.401715,0.140519,0.117383,0.120375,0.073522,0.066774,0.069988,0.033837,0.035721,0.017273,0.019090,0.006343,0.018268,0.005839,0.012953,0.006241,0.008741,0.010789,0.003344,0.011285
1,t3_t_2960.jpg,0.373407,0.115356,0.076771,0.091694,0.046357,0.076082,0.045952,0.027281,0.015274,0.027179,0.018362,0.016446,0.006247,0.004575,0.006360,0.008840,0.013035,0.006988,0.011245,0.006264
1,t3_t_3010.jpg,0.295472,0.219248,0.134938,0.053267,0.022059,0.041185,0.044496,0.040747,0.021145,0.014379,0.010605,0.019329,0.008977,0.008460,0.007212,0.006605,0.013408,0.007449,0.008637,0.004976
1,t3_t_3030.jpg,0.386681,0.233047,0.111105,0.090798,0.038484,0.048858,0.023072,0.022897,0.020338,0.007752,0.017088,0.009276,0.012888,0.005113,0.011256,0.007589,0.007979,0.009088,0.006726,0.005275
1,t3_t_3040.jpg,0.444075,0.215698,0.112122,0.070044,0.057303,0.048674,0.028617,0.038937,0.019983,0.025561,0.020027,0.023825,0.017965,0.014135,0.010623,0.009839,0.014256,0.006485,0.011767,0.009139
1,t3_t_3050.jpg,0.619481,0.225204,0.118652,0.033841,0.093234,0.031312,0.015366,0.016929,0.019983,0.024482,0.016068,0.012239,0.016538,0.011274,0.008048,0.005772,0.008916,0.012399,0.009222,0.005220
1,t3_t_3100.jpg,0.202694,0.155878,0.036542,0.048767,0.027927,0.044479,0.022839,0.036621,0.026007,0.021089,0.006974,0.010492,0.011283,0.011577,0.010191,0.013820,0.013510,0.008011,0.005965,0.009219
1,t3_t_3120.jpg,0.139627,0.136906,0.070054,0.039790,0.032329,0.008670,0.025375,0.020643,0.031660,0.017563,0.020149,0.016569,0.010176,0.013606,0.010484,0.014754,0.008207,0.017615,0.003204,0.007409
1,t3_t_3150.jpg,0.208796,0.134828,0.071936,0.060290,0.032769,0.021161,0.033734,0.007243,0.012948,0.009275,0.008932,0.007472,0.013133,0.008266,0.005489,0.009943,0.007758,0.008140,0.003249,0.007692
1,t3_t_3160.jpg,0.217463,0.135826,0.069072,0.057735,0.033033,0.023974,0.036239,0.009148,0.009277,0.010938,0.010769,0.012176,0.015656,0.008807,0.009787,0.011581,0.010758,0.010298,0.003182,0.003934
1,t3_t_3200.jpg,0.243183,0.158760,0.078333,0.046303,0.024644,0.037211,0.034410,0.020526,0.023267,0.022972,0.014359,0.016168,0.018975,0.010105,0.010849,0.013296,0.006506,0.007979,0.004486,0.008792
1,t3_t_3220.jpg,0.250559,0.160008,0.075463,0.045778,0.016612,0.039958,0.034645,0.022322,0.028460,0.018484,0.009583,0.015319,0.018886,0.011523,0.013372,0.011081,0.005950,0.006392,0.003294,0.005939
1,t3_t_3260.jpg,0.237574,0.151721,0.074136,0.057762,0.032443,0.025480,0.028397,0.046807,0.028219,0.009919,0.005500,0.004174,0.005059,0.009702,0.005830,0.009055,0.007515,0.008794,0.009569,0.005054
1,t3_t_3290.jpg,0.288020,0.129862,0.078080,0.042191,0.045742,0.039476,0.023652,0.043131,0.035558,0.026136,0.023086,0.012338,0.013452,0.010505,0.005690,0.008877,0.011137,0.007859,0.009927,0.006509
1,t3_t_3350.jpg,0.232429,0.156310,0.079017,0.036225,0.027678,0.036610,0.014782,0.037567,0.025694,0.030378,0.018831,0.014458,0.018095,0.011603,0.010529,0.006710,0.012298,0.007570,0.004713,0.004296
1,t3_t_3360.jpg,0.218150,0.164249,0.083200,0.055374,0.027158,0.028125,0.013622,0.039580,0.026412,0.017830,0.007059,0.011539,0.010288,0.012571,0.007215,0.008777,0.004891,0.011376,0.005120,0.011435
1,t3_t_3400.jpg,0.231535,0.168780,0.078331,0.052452,0.027697,0.023564,0.013762,0.036167,0.020759,0.021681,0.008086,0.008338,0.013340,0.012960,0.006923,0.008121,0.007965,0.011129,0.006403,0.011151
1,t3_t_3430.jpg,0.227851,0.165048,0.079750,0.050099,0.030270,0.022547,0.014490,0.036681,0.018506,0.023923,0.007118,0.013389,0.010648,0.017304,0.005759,0.008694,0.003985,0.010973,0.002780,0.013091
1,t3_t_3440.jpg,0.221657,0.163963,0.078231,0.047291,0.025201,0.024350,0.016136,0.038284,0.017844,0.020093,0.008664,0.011425,0.010742,0.010633,0.008555,0.008322,0.004074,0.007881,0.006299,0.010068
1,t3_t_3460.jpg,0.265421,0.133640,0.074554,0.030027,0.035745,0.046640,0.021080,0.040530,0.041338,0.027696,0.022818,0.015660,0.016370,0.011810,0.007953,0.006396,0.008051,0.010289,0.003468,0.007653
1,t3_t_3500.jpg,0.281820,0.115959,0.089732,0.068954,0.069886,0.050221,0.051122,0.034036,0.027239,0.020093,0.014248,0.012038,0.017393,0.012670,0.021563,0.013395,0.015993,0.011567,0.010843,0.007572
1,t3_t_3520.jpg,0.305051,0.128784,0.131311,0.077591,0.066984,0.053873,0.024937,0.046149,0.011211,0.010285,0.017732,0.014272,0.018234,0.013448,0.011349,0.016420,0.010286,0.008482,0.011638,0.005787
1,t3_t_3540.jpg,0.358974,0.164508,0.150580,0.117888,0.031291,0.057709,0.060507,0.038272,0.015703,0.008257,0.018591,0.020616,0.011870,0.006189,0.010147,0.017131,0.009547,0.008785,0.007585,0.006148
1,t3_t_3550.jpg,0.408802,0.125884,0.165583,0.102917,0.056552,0.028202,0.034229,0.028379,0.014803,0.012146,0.019419,0.008647,0.015899,0.010665,0.015657,0.011074,0.006269,0.004671,0.002095,0.005507
1,t3_t_3560.jpg,0.362867,0.252054,0.112006,0.138440,0.061966,0.083433,0.014726,0.055896,0.037145,0.034222,0.017101,0.019762,0.019538,0.025178,0.008195,0.023719,0.013146,0.010924,0.009209,0.012182
1,t3_t_3570.jpg,0.569221,0.098782,0.226263,0.055062,0.072331,0.058288,0.015633,0.024566,0.035219,0.016855,0.021225,0.019468,0.014969,0.013150,0.011115,0.008833,0.008351,0.007477,0.008478,0.006537
1,t3_t_3590.jpg,0.355599,0.190817,0.130199,0.085912,0.038036,0.022428,0.033251,0.030851,0.021661,0.014581,0.011413,0.012938,0.010505,0.010356,0.006310,0.007151,0.009351,0.003061,0.004131,0.004435
1,t3_t_3600.jpg,0.655728,0.245747,0.176039,0.089400,0.092434,0.073981,0.023808,0.047076,0.023339,0.030386,0.029464,0.012290,0.020994,0.016919,0.017678,0.008564,0.013236,0.006369,0.004386,0.009017
1,t3_t_3610.jpg,0.326910,0.136387,0.252291,0.149317,0.084142,0.042910,0.055553,0.043181,0.041078,0.017279,0.017216,0.020793,0.013649,0.019045,0.018899,0.010722,0.012075,0.016495,0.008421,0.010876
