Index,TP,FP,Precision,Recall 
0 0 1 0 0.000000
1 0 1 0 0.000000
2 1 1 0.500000 0.001435
3 1 1 0.500000 0.001435
4 2 1 0.666667 0.002869
5 2 1 0.666667 0.002869
6 3 1 0.750000 0.004304
7 3 1 0.750000 0.004304
8 3 2 0.600000 0.004304
9 3 2 0.600000 0.004304
10 4 2 0.666667 0.005739
11 4 2 0.666667 0.005739
12 4 3 0.571429 0.005739
13 4 3 0.571429 0.005739
14 5 3 0.625000 0.007174
15 5 3 0.625000 0.007174
16 5 4 0.555556 0.007174
17 5 4 0.555556 0.007174
18 5 5 0.500000 0.007174
19 5 5 0.500000 0.007174
20 6 5 0.545455 0.008608
21 6 5 0.545455 0.008608
22 7 5 0.583333 0.010043
23 7 5 0.583333 0.010043
24 7 6 0.538462 0.010043
25 7 6 0.538462 0.010043
26 8 6 0.571429 0.011478
27 8 6 0.571429 0.011478
28 9 6 0.600000 0.012912
29 9 6 0.600000 0.012912
30 9 7 0.562500 0.012912
31 9 7 0.562500 0.012912
32 10 7 0.588235 0.014347
33 10 7 0.588235 0.014347
34 11 7 0.611111 0.015782
35 11 7 0.611111 0.015782
36 11 8 0.578947 0.015782
37 11 8 0.578947 0.015782
38 12 8 0.600000 0.017217
39 12 8 0.600000 0.017217
40 12 9 0.571429 0.017217
41 12 9 0.571429 0.017217
42 13 9 0.590909 0.018651
43 13 9 0.590909 0.018651
44 13 10 0.565217 0.018651
45 13 10 0.565217 0.018651
46 14 10 0.583333 0.020086
47 14 10 0.583333 0.020086
48 15 10 0.600000 0.021521
49 15 10 0.600000 0.021521
50 16 10 0.615385 0.022956
51 16 10 0.615385 0.022956
52 16 11 0.592593 0.022956
53 16 11 0.592593 0.022956
54 17 11 0.607143 0.024390
55 17 11 0.607143 0.024390
56 17 12 0.586207 0.024390
57 17 12 0.586207 0.024390
58 18 12 0.600000 0.025825
59 18 12 0.600000 0.025825
60 19 12 0.612903 0.027260
61 19 12 0.612903 0.027260
62 20 12 0.625000 0.028694
63 20 12 0.625000 0.028694
64 21 12 0.636364 0.030129
65 21 12 0.636364 0.030129
66 21 13 0.617647 0.030129
67 21 13 0.617647 0.030129
68 22 13 0.628571 0.031564
69 22 13 0.628571 0.031564
70 23 13 0.638889 0.032999
71 23 13 0.638889 0.032999
72 23 14 0.621622 0.032999
73 23 14 0.621622 0.032999
74 23 15 0.605263 0.032999
75 23 15 0.605263 0.032999
76 24 15 0.615385 0.034433
77 24 15 0.615385 0.034433
78 25 15 0.625000 0.035868
79 25 15 0.625000 0.035868
80 25 16 0.609756 0.035868
81 25 16 0.609756 0.035868
82 25 17 0.595238 0.035868
83 25 17 0.595238 0.035868
84 26 17 0.604651 0.037303
85 26 17 0.604651 0.037303
86 26 18 0.590909 0.037303
87 26 18 0.590909 0.037303
88 27 18 0.600000 0.038737
89 27 18 0.600000 0.038737
90 28 18 0.608696 0.040172
91 28 18 0.608696 0.040172
92 28 19 0.595745 0.040172
93 28 19 0.595745 0.040172
94 28 20 0.583333 0.040172
95 28 20 0.583333 0.040172
96 28 21 0.571429 0.040172
97 28 21 0.571429 0.040172
98 28 22 0.560000 0.040172
99 28 22 0.560000 0.040172
100 29 22 0.568627 0.041607
101 29 22 0.568627 0.041607
102 29 23 0.557692 0.041607
103 29 23 0.557692 0.041607
104 30 23 0.566038 0.043042
105 30 23 0.566038 0.043042
106 31 23 0.574074 0.044476
107 31 23 0.574074 0.044476
108 31 24 0.563636 0.044476
109 31 24 0.563636 0.044476
110 31 25 0.553571 0.044476
111 31 25 0.553571 0.044476
112 32 25 0.561404 0.045911
113 32 25 0.561404 0.045911
114 33 25 0.568965 0.047346
115 33 25 0.568965 0.047346
116 33 26 0.559322 0.047346
117 33 26 0.559322 0.047346
118 34 26 0.566667 0.048780
119 34 26 0.566667 0.048780
120 34 27 0.557377 0.048780
121 34 27 0.557377 0.048780
122 35 27 0.564516 0.050215
123 35 27 0.564516 0.050215
124 35 28 0.555556 0.050215
125 35 28 0.555556 0.050215
126 36 28 0.562500 0.051650
127 36 28 0.562500 0.051650
128 36 29 0.553846 0.051650
129 36 29 0.553846 0.051650
130 37 29 0.560606 0.053085
131 37 29 0.560606 0.053085
132 37 30 0.552239 0.053085
133 37 30 0.552239 0.053085
134 37 31 0.544118 0.053085
135 37 31 0.544118 0.053085
136 38 31 0.550725 0.054519
137 38 31 0.550725 0.054519
138 39 31 0.557143 0.055954
139 39 31 0.557143 0.055954
140 40 31 0.563380 0.057389
141 40 31 0.563380 0.057389
142 41 31 0.569444 0.058824
143 41 31 0.569444 0.058824
144 41 32 0.561644 0.058824
145 41 32 0.561644 0.058824
146 42 32 0.567568 0.060258
147 42 32 0.567568 0.060258
148 43 32 0.573333 0.061693
149 43 32 0.573333 0.061693
150 43 33 0.565789 0.061693
151 43 33 0.565789 0.061693
152 43 34 0.558442 0.061693
153 43 34 0.558442 0.061693
154 43 35 0.551282 0.061693
155 43 35 0.551282 0.061693
156 43 36 0.544304 0.061693
157 43 36 0.544304 0.061693
158 43 37 0.537500 0.061693
159 43 37 0.537500 0.061693
160 44 37 0.543210 0.063128
161 44 37 0.543210 0.063128
162 45 37 0.548781 0.064562
163 45 37 0.548781 0.064562
164 46 37 0.554217 0.065997
165 46 37 0.554217 0.065997
166 46 38 0.547619 0.065997
167 46 38 0.547619 0.065997
168 47 38 0.552941 0.067432
169 47 38 0.552941 0.067432
170 47 39 0.546512 0.067432
171 47 39 0.546512 0.067432
172 48 39 0.551724 0.068867
173 48 39 0.551724 0.068867
174 49 39 0.556818 0.070301
175 49 39 0.556818 0.070301
176 49 40 0.550562 0.070301
177 49 40 0.550562 0.070301
178 49 41 0.544444 0.070301
179 49 41 0.544444 0.070301
180 50 41 0.549451 0.071736
181 50 41 0.549451 0.071736
182 51 41 0.554348 0.073171
183 51 41 0.554348 0.073171
184 52 41 0.559140 0.074605
185 52 41 0.559140 0.074605
186 52 42 0.553191 0.074605
187 52 42 0.553191 0.074605
188 52 43 0.547368 0.074605
189 52 43 0.547368 0.074605
190 52 44 0.541667 0.074605
191 52 44 0.541667 0.074605
192 53 44 0.546392 0.076040
193 53 44 0.546392 0.076040
194 53 45 0.540816 0.076040
195 53 45 0.540816 0.076040
196 54 45 0.545455 0.077475
197 54 45 0.545455 0.077475
198 54 46 0.540000 0.077475
199 54 46 0.540000 0.077475
200 55 46 0.544554 0.078910
201 55 46 0.544554 0.078910
202 56 46 0.549020 0.080344
203 56 46 0.549020 0.080344
204 57 46 0.553398 0.081779
205 57 46 0.553398 0.081779
206 58 46 0.557692 0.083214
207 58 46 0.557692 0.083214
208 59 46 0.561905 0.084648
209 59 46 0.561905 0.084648
210 60 46 0.566038 0.086083
211 60 46 0.566038 0.086083
212 60 47 0.560748 0.086083
213 60 47 0.560748 0.086083
214 60 48 0.555556 0.086083
215 60 48 0.555556 0.086083
216 60 49 0.550459 0.086083
217 60 49 0.550459 0.086083
218 61 49 0.554545 0.087518
219 61 49 0.554545 0.087518
220 62 49 0.558559 0.088953
221 62 49 0.558559 0.088953
222 63 49 0.562500 0.090387
223 63 49 0.562500 0.090387
224 63 50 0.557522 0.090387
225 63 50 0.557522 0.090387
226 63 51 0.552632 0.090387
227 63 51 0.552632 0.090387
228 63 52 0.547826 0.090387
229 63 52 0.547826 0.090387
230 64 52 0.551724 0.091822
231 64 52 0.551724 0.091822
232 64 53 0.547009 0.091822
233 64 53 0.547009 0.091822
234 64 54 0.542373 0.091822
235 64 54 0.542373 0.091822
236 65 54 0.546219 0.093257
237 65 54 0.546219 0.093257
238 66 54 0.550000 0.094692
239 66 54 0.550000 0.094692
240 67 54 0.553719 0.096126
241 67 54 0.553719 0.096126
242 68 54 0.557377 0.097561
243 68 54 0.557377 0.097561
244 68 55 0.552846 0.097561
245 68 55 0.552846 0.097561
246 68 56 0.548387 0.097561
247 68 56 0.548387 0.097561
248 69 56 0.552000 0.098996
249 69 56 0.552000 0.098996
250 70 56 0.555556 0.100430
251 70 56 0.555556 0.100430
252 71 56 0.559055 0.101865
253 71 56 0.559055 0.101865
254 72 56 0.562500 0.103300
255 72 56 0.562500 0.103300
256 72 57 0.558140 0.103300
257 72 57 0.558140 0.103300
258 72 58 0.553846 0.103300
259 72 58 0.553846 0.103300
260 73 58 0.557252 0.104735
261 73 58 0.557252 0.104735
262 74 58 0.560606 0.106169
263 74 58 0.560606 0.106169
264 75 58 0.563910 0.107604
265 75 58 0.563910 0.107604
266 75 59 0.559702 0.107604
267 75 59 0.559702 0.107604
268 76 59 0.562963 0.109039
269 76 59 0.562963 0.109039
270 76 60 0.558824 0.109039
271 76 60 0.558824 0.109039
272 76 61 0.554745 0.109039
273 76 61 0.554745 0.109039
274 77 61 0.557971 0.110473
275 77 61 0.557971 0.110473
276 77 62 0.553957 0.110473
277 77 62 0.553957 0.110473
278 78 62 0.557143 0.111908
279 78 62 0.557143 0.111908
280 79 62 0.560284 0.113343
281 79 62 0.560284 0.113343
282 80 62 0.563380 0.114778
283 80 62 0.563380 0.114778
284 81 62 0.566434 0.116212
285 81 62 0.566434 0.116212
286 82 62 0.569444 0.117647
287 82 62 0.569444 0.117647
288 83 62 0.572414 0.119082
289 83 62 0.572414 0.119082
290 83 63 0.568493 0.119082
291 83 63 0.568493 0.119082
292 84 63 0.571429 0.120517
293 84 63 0.571429 0.120517
294 85 63 0.574324 0.121951
295 85 63 0.574324 0.121951
296 86 63 0.577181 0.123386
297 86 63 0.577181 0.123386
298 87 63 0.580000 0.124821
299 87 63 0.580000 0.124821
300 88 63 0.582781 0.126255
301 88 63 0.582781 0.126255
302 89 63 0.585526 0.127690
303 89 63 0.585526 0.127690
304 90 63 0.588235 0.129125
305 90 63 0.588235 0.129125
306 90 64 0.584416 0.129125
307 90 64 0.584416 0.129125
308 90 65 0.580645 0.129125
309 90 65 0.580645 0.129125
310 91 65 0.583333 0.130560
311 91 65 0.583333 0.130560
312 92 65 0.585987 0.131994
313 92 65 0.585987 0.131994
314 93 65 0.588608 0.133429
315 93 65 0.588608 0.133429
316 94 65 0.591195 0.134864
317 94 65 0.591195 0.134864
318 94 66 0.587500 0.134864
319 94 66 0.587500 0.134864
320 95 66 0.590062 0.136298
321 95 66 0.590062 0.136298
322 96 66 0.592593 0.137733
323 96 66 0.592593 0.137733
324 97 66 0.595092 0.139168
325 97 66 0.595092 0.139168
326 98 66 0.597561 0.140603
327 98 66 0.597561 0.140603
328 99 66 0.600000 0.142037
329 99 66 0.600000 0.142037
330 100 66 0.602410 0.143472
331 100 66 0.602410 0.143472
332 101 66 0.604790 0.144907
333 101 66 0.604790 0.144907
334 101 67 0.601190 0.144907
335 101 67 0.601190 0.144907
336 102 67 0.603550 0.146341
337 102 67 0.603550 0.146341
338 103 67 0.605882 0.147776
339 103 67 0.605882 0.147776
340 104 67 0.608187 0.149211
341 104 67 0.608187 0.149211
342 105 67 0.610465 0.150646
343 105 67 0.610465 0.150646
344 106 67 0.612717 0.152080
345 106 67 0.612717 0.152080
346 106 68 0.609195 0.152080
347 106 68 0.609195 0.152080
348 107 68 0.611429 0.153515
349 107 68 0.611429 0.153515
350 108 68 0.613636 0.154950
351 108 68 0.613636 0.154950
352 108 69 0.610169 0.154950
353 108 69 0.610169 0.154950
354 109 69 0.612360 0.156384
355 109 69 0.612360 0.156384
356 109 70 0.608939 0.156384
357 109 70 0.608939 0.156384
358 110 70 0.611111 0.157819
359 110 70 0.611111 0.157819
360 111 70 0.613260 0.159254
361 111 70 0.613260 0.159254
362 112 70 0.615385 0.160689
363 112 70 0.615385 0.160689
364 113 70 0.617486 0.162123
365 113 70 0.617486 0.162123
366 114 70 0.619565 0.163558
367 114 70 0.619565 0.163558
368 115 70 0.621622 0.164993
369 115 70 0.621622 0.164993
370 116 70 0.623656 0.166428
371 116 70 0.623656 0.166428
372 117 70 0.625668 0.167862
373 117 70 0.625668 0.167862
374 118 70 0.627660 0.169297
375 118 70 0.627660 0.169297
376 119 70 0.629630 0.170732
377 119 70 0.629630 0.170732
378 120 70 0.631579 0.172166
379 120 70 0.631579 0.172166
380 121 70 0.633508 0.173601
381 121 70 0.633508 0.173601
382 122 70 0.635417 0.175036
383 122 70 0.635417 0.175036
384 123 70 0.637306 0.176471
385 123 70 0.637306 0.176471
386 124 70 0.639175 0.177905
387 124 70 0.639175 0.177905
388 125 70 0.641026 0.179340
389 125 70 0.641026 0.179340
390 126 70 0.642857 0.180775
391 126 70 0.642857 0.180775
392 127 70 0.644670 0.182209
393 127 70 0.644670 0.182209
394 128 70 0.646465 0.183644
395 128 70 0.646465 0.183644
396 129 70 0.648241 0.185079
397 129 70 0.648241 0.185079
398 130 70 0.650000 0.186514
399 130 70 0.650000 0.186514
400 131 70 0.651741 0.187948
401 131 70 0.651741 0.187948
402 131 71 0.648515 0.187948
403 131 71 0.648515 0.187948
404 131 72 0.645320 0.187948
405 131 72 0.645320 0.187948
406 132 72 0.647059 0.189383
407 132 72 0.647059 0.189383
408 133 72 0.648780 0.190818
409 133 72 0.648780 0.190818
410 134 72 0.650485 0.192253
411 134 72 0.650485 0.192253
412 135 72 0.652174 0.193687
413 135 72 0.652174 0.193687
414 136 72 0.653846 0.195122
415 136 72 0.653846 0.195122
416 137 72 0.655502 0.196557
417 137 72 0.655502 0.196557
418 138 72 0.657143 0.197991
419 138 72 0.657143 0.197991
420 139 72 0.658768 0.199426
421 139 72 0.658768 0.199426
422 139 73 0.655660 0.199426
423 139 73 0.655660 0.199426
424 140 73 0.657277 0.200861
425 140 73 0.657277 0.200861
426 141 73 0.658879 0.202296
427 141 73 0.658879 0.202296
428 141 74 0.655814 0.202296
429 141 74 0.655814 0.202296
430 142 74 0.657407 0.203730
431 142 74 0.657407 0.203730
432 142 75 0.654378 0.203730
433 142 75 0.654378 0.203730
434 143 75 0.655963 0.205165
435 143 75 0.655963 0.205165
436 144 75 0.657534 0.206600
437 144 75 0.657534 0.206600
438 145 75 0.659091 0.208034
439 145 75 0.659091 0.208034
440 146 75 0.660634 0.209469
441 146 75 0.660634 0.209469
442 147 75 0.662162 0.210904
443 147 75 0.662162 0.210904
444 148 75 0.663677 0.212339
445 148 75 0.663677 0.212339
446 149 75 0.665179 0.213773
447 149 75 0.665179 0.213773
448 150 75 0.666667 0.215208
449 150 75 0.666667 0.215208
450 151 75 0.668142 0.216643
451 151 75 0.668142 0.216643
452 152 75 0.669604 0.218077
453 152 75 0.669604 0.218077
454 153 75 0.671053 0.219512
455 153 75 0.671053 0.219512
456 154 75 0.672489 0.220947
457 154 75 0.672489 0.220947
458 154 76 0.669565 0.220947
459 154 76 0.669565 0.220947
460 155 76 0.670996 0.222382
461 155 76 0.670996 0.222382
462 155 77 0.668103 0.222382
463 155 77 0.668103 0.222382
464 155 78 0.665236 0.222382
465 155 78 0.665236 0.222382
466 155 79 0.662393 0.222382
467 155 79 0.662393 0.222382
468 156 79 0.663830 0.223816
469 156 79 0.663830 0.223816
470 157 79 0.665254 0.225251
471 157 79 0.665254 0.225251
472 158 79 0.666667 0.226686
473 158 79 0.666667 0.226686
474 159 79 0.668067 0.228121
475 159 79 0.668067 0.228121
476 159 80 0.665272 0.228121
477 159 80 0.665272 0.228121
478 160 80 0.666667 0.229555
479 160 80 0.666667 0.229555
480 161 80 0.668050 0.230990
481 161 80 0.668050 0.230990
482 162 80 0.669421 0.232425
483 162 80 0.669421 0.232425
484 163 80 0.670782 0.233859
485 163 80 0.670782 0.233859
486 164 80 0.672131 0.235294
487 164 80 0.672131 0.235294
488 165 80 0.673469 0.236729
489 165 80 0.673469 0.236729
490 165 81 0.670732 0.236729
491 165 81 0.670732 0.236729
492 165 82 0.668016 0.236729
493 165 82 0.668016 0.236729
494 166 82 0.669355 0.238164
495 166 82 0.669355 0.238164
496 167 82 0.670683 0.239598
497 167 82 0.670683 0.239598
498 168 82 0.672000 0.241033
499 168 82 0.672000 0.241033
500 169 82 0.673307 0.242468
501 169 82 0.673307 0.242468
502 170 82 0.674603 0.243902
503 170 82 0.674603 0.243902
504 171 82 0.675889 0.245337
505 171 82 0.675889 0.245337
506 172 82 0.677165 0.246772
507 172 82 0.677165 0.246772
508 173 82 0.678431 0.248207
509 173 82 0.678431 0.248207
510 173 83 0.675781 0.248207
511 173 83 0.675781 0.248207
512 173 84 0.673152 0.248207
513 173 84 0.673152 0.248207
514 173 85 0.670543 0.248207
515 173 85 0.670543 0.248207
516 174 85 0.671815 0.249641
517 174 85 0.671815 0.249641
518 174 86 0.669231 0.249641
519 174 86 0.669231 0.249641
520 175 86 0.670498 0.251076
521 175 86 0.670498 0.251076
522 176 86 0.671756 0.252511
523 176 86 0.671756 0.252511
524 177 86 0.673004 0.253945
525 177 86 0.673004 0.253945
526 177 87 0.670455 0.253945
527 177 87 0.670455 0.253945
528 177 88 0.667925 0.253945
529 177 88 0.667925 0.253945
530 178 88 0.669173 0.255380
531 178 88 0.669173 0.255380
532 179 88 0.670412 0.256815
533 179 88 0.670412 0.256815
534 179 89 0.667910 0.256815
535 179 89 0.667910 0.256815
536 180 89 0.669145 0.258250
537 180 89 0.669145 0.258250
538 181 89 0.670370 0.259684
539 181 89 0.670370 0.259684
540 182 89 0.671587 0.261119
541 182 89 0.671587 0.261119
542 183 89 0.672794 0.262554
543 183 89 0.672794 0.262554
544 184 89 0.673993 0.263989
545 184 89 0.673993 0.263989
546 184 90 0.671533 0.263989
547 184 90 0.671533 0.263989
548 184 91 0.669091 0.263989
549 184 91 0.669091 0.263989
550 185 91 0.670290 0.265423
551 185 91 0.670290 0.265423
552 185 92 0.667870 0.265423
553 185 92 0.667870 0.265423
554 186 92 0.669065 0.266858
555 186 92 0.669065 0.266858
556 187 92 0.670251 0.268293
557 187 92 0.670251 0.268293
558 188 92 0.671429 0.269727
559 188 92 0.671429 0.269727
560 189 92 0.672598 0.271162
561 189 92 0.672598 0.271162
562 190 92 0.673759 0.272597
563 190 92 0.673759 0.272597
564 191 92 0.674912 0.274032
565 191 92 0.674912 0.274032
566 192 92 0.676056 0.275466
567 192 92 0.676056 0.275466
568 192 93 0.673684 0.275466
569 192 93 0.673684 0.275466
570 193 93 0.674825 0.276901
571 193 93 0.674825 0.276901
572 194 93 0.675958 0.278336
573 194 93 0.675958 0.278336
574 195 93 0.677083 0.279770
575 195 93 0.677083 0.279770
576 195 94 0.674740 0.279770
577 195 94 0.674740 0.279770
578 196 94 0.675862 0.281205
579 196 94 0.675862 0.281205
580 196 95 0.673540 0.281205
581 196 95 0.673540 0.281205
582 197 95 0.674658 0.282640
583 197 95 0.674658 0.282640
584 197 96 0.672355 0.282640
585 197 96 0.672355 0.282640
586 198 96 0.673469 0.284075
587 198 96 0.673469 0.284075
588 198 97 0.671186 0.284075
589 198 97 0.671186 0.284075
590 199 97 0.672297 0.285509
591 199 97 0.672297 0.285509
592 199 98 0.670034 0.285509
593 199 98 0.670034 0.285509
594 199 99 0.667785 0.285509
595 199 99 0.667785 0.285509
596 199 100 0.665552 0.285509
597 199 100 0.665552 0.285509
598 200 100 0.666667 0.286944
599 200 100 0.666667 0.286944
600 201 100 0.667774 0.288379
601 201 100 0.667774 0.288379
602 201 101 0.665563 0.288379
603 201 101 0.665563 0.288379
604 202 101 0.666667 0.289813
605 202 101 0.666667 0.289813
606 203 101 0.667763 0.291248
607 203 101 0.667763 0.291248
608 204 101 0.668852 0.292683
609 204 101 0.668852 0.292683
610 204 102 0.666667 0.292683
611 204 102 0.666667 0.292683
612 204 103 0.664495 0.292683
613 204 103 0.664495 0.292683
614 205 103 0.665584 0.294118
615 205 103 0.665584 0.294118
616 206 103 0.666667 0.295552
617 206 103 0.666667 0.295552
618 207 103 0.667742 0.296987
619 207 103 0.667742 0.296987
620 207 104 0.665595 0.296987
621 207 104 0.665595 0.296987
622 208 104 0.666667 0.298422
623 208 104 0.666667 0.298422
624 209 104 0.667732 0.299857
625 209 104 0.667732 0.299857
626 210 104 0.668790 0.301291
627 210 104 0.668790 0.301291
628 210 105 0.666667 0.301291
629 210 105 0.666667 0.301291
630 211 105 0.667722 0.302726
631 211 105 0.667722 0.302726
632 211 106 0.665615 0.302726
633 211 106 0.665615 0.302726
634 212 106 0.666667 0.304161
635 212 106 0.666667 0.304161
636 212 107 0.664577 0.304161
637 212 107 0.664577 0.304161
638 213 107 0.665625 0.305595
639 213 107 0.665625 0.305595
640 214 107 0.666667 0.307030
641 214 107 0.666667 0.307030
642 215 107 0.667702 0.308465
643 215 107 0.667702 0.308465
644 216 107 0.668731 0.309900
645 216 107 0.668731 0.309900
646 217 107 0.669753 0.311334
647 217 107 0.669753 0.311334
648 218 107 0.670769 0.312769
649 218 107 0.670769 0.312769
650 219 107 0.671779 0.314204
651 219 107 0.671779 0.314204
652 220 107 0.672783 0.315638
653 220 107 0.672783 0.315638
654 221 107 0.673781 0.317073
655 221 107 0.673781 0.317073
656 222 107 0.674772 0.318508
657 222 107 0.674772 0.318508
658 223 107 0.675758 0.319943
659 223 107 0.675758 0.319943
660 224 107 0.676737 0.321377
661 224 107 0.676737 0.321377
662 225 107 0.677711 0.322812
663 225 107 0.677711 0.322812
664 226 107 0.678679 0.324247
665 226 107 0.678679 0.324247
666 227 107 0.679641 0.325681
667 227 107 0.679641 0.325681
668 227 108 0.677612 0.325681
669 227 108 0.677612 0.325681
670 228 108 0.678571 0.327116
671 228 108 0.678571 0.327116
672 229 108 0.679525 0.328551
673 229 108 0.679525 0.328551
674 230 108 0.680473 0.329986
675 230 108 0.680473 0.329986
676 231 108 0.681416 0.331420
677 231 108 0.681416 0.331420
678 232 108 0.682353 0.332855
679 232 108 0.682353 0.332855
680 233 108 0.683284 0.334290
681 233 108 0.683284 0.334290
682 234 108 0.684211 0.335725
683 234 108 0.684211 0.335725
684 235 108 0.685131 0.337159
685 235 108 0.685131 0.337159
686 236 108 0.686047 0.338594
687 236 108 0.686047 0.338594
688 237 108 0.686957 0.340029
689 237 108 0.686957 0.340029
690 238 108 0.687861 0.341463
691 238 108 0.687861 0.341463
692 238 109 0.685879 0.341463
693 238 109 0.685879 0.341463
694 238 110 0.683908 0.341463
695 238 110 0.683908 0.341463
696 239 110 0.684814 0.342898
697 239 110 0.684814 0.342898
698 240 110 0.685714 0.344333
699 240 110 0.685714 0.344333
700 241 110 0.686610 0.345768
701 241 110 0.686610 0.345768
702 242 110 0.687500 0.347202
703 242 110 0.687500 0.347202
704 243 110 0.688385 0.348637
705 243 110 0.688385 0.348637
706 244 110 0.689266 0.350072
707 244 110 0.689266 0.350072
708 244 111 0.687324 0.350072
709 244 111 0.687324 0.350072
710 245 111 0.688202 0.351506
711 245 111 0.688202 0.351506
712 246 111 0.689076 0.352941
713 246 111 0.689076 0.352941
714 247 111 0.689944 0.354376
715 247 111 0.689944 0.354376
716 248 111 0.690808 0.355811
717 248 111 0.690808 0.355811
718 248 112 0.688889 0.355811
719 248 112 0.688889 0.355811
720 249 112 0.689751 0.357245
721 249 112 0.689751 0.357245
722 250 112 0.690608 0.358680
723 250 112 0.690608 0.358680
724 250 113 0.688705 0.358680
725 250 113 0.688705 0.358680
726 251 113 0.689560 0.360115
727 251 113 0.689560 0.360115
728 252 113 0.690411 0.361549
729 252 113 0.690411 0.361549
730 253 113 0.691257 0.362984
731 253 113 0.691257 0.362984
732 254 113 0.692098 0.364419
733 254 113 0.692098 0.364419
734 255 113 0.692935 0.365854
735 255 113 0.692935 0.365854
736 255 114 0.691057 0.365854
737 255 114 0.691057 0.365854
738 256 114 0.691892 0.367288
739 256 114 0.691892 0.367288
740 257 114 0.692722 0.368723
741 257 114 0.692722 0.368723
742 258 114 0.693548 0.370158
743 258 114 0.693548 0.370158
744 259 114 0.694370 0.371593
745 259 114 0.694370 0.371593
746 260 114 0.695187 0.373027
747 260 114 0.695187 0.373027
748 261 114 0.696000 0.374462
749 261 114 0.696000 0.374462
750 262 114 0.696809 0.375897
751 262 114 0.696809 0.375897
752 263 114 0.697613 0.377331
753 263 114 0.697613 0.377331
754 264 114 0.698413 0.378766
755 264 114 0.698413 0.378766
756 264 115 0.696570 0.378766
757 264 115 0.696570 0.378766
758 265 115 0.697368 0.380201
759 265 115 0.697368 0.380201
760 266 115 0.698163 0.381636
761 266 115 0.698163 0.381636
762 267 115 0.698953 0.383070
763 267 115 0.698953 0.383070
764 267 116 0.697128 0.383070
765 267 116 0.697128 0.383070
766 268 116 0.697917 0.384505
767 268 116 0.697917 0.384505
768 269 116 0.698701 0.385940
769 269 116 0.698701 0.385940
770 269 117 0.696891 0.385940
771 269 117 0.696891 0.385940
772 269 118 0.695090 0.385940
773 269 118 0.695090 0.385940
774 269 119 0.693299 0.385940
775 269 119 0.693299 0.385940
776 270 119 0.694087 0.387374
777 270 119 0.694087 0.387374
778 270 120 0.692308 0.387374
779 270 120 0.692308 0.387374
780 271 120 0.693095 0.388809
781 271 120 0.693095 0.388809
782 272 120 0.693878 0.390244
783 272 120 0.693878 0.390244
784 273 120 0.694656 0.391679
785 273 120 0.694656 0.391679
786 274 120 0.695431 0.393113
787 274 120 0.695431 0.393113
788 275 120 0.696203 0.394548
789 275 120 0.696203 0.394548
790 275 121 0.694444 0.394548
791 275 121 0.694444 0.394548
792 276 121 0.695214 0.395983
793 276 121 0.695214 0.395983
794 277 121 0.695980 0.397418
795 277 121 0.695980 0.397418
796 278 121 0.696742 0.398852
797 278 121 0.696742 0.398852
798 279 121 0.697500 0.400287
799 279 121 0.697500 0.400287
800 280 121 0.698254 0.401722
801 280 121 0.698254 0.401722
802 281 121 0.699005 0.403156
803 281 121 0.699005 0.403156
804 282 121 0.699752 0.404591
805 282 121 0.699752 0.404591
806 283 121 0.700495 0.406026
807 283 121 0.700495 0.406026
808 284 121 0.701235 0.407461
809 284 121 0.701235 0.407461
810 285 121 0.701970 0.408895
811 285 121 0.701970 0.408895
812 286 121 0.702703 0.410330
813 286 121 0.702703 0.410330
814 286 122 0.700980 0.410330
815 286 122 0.700980 0.410330
816 287 122 0.701711 0.411765
817 287 122 0.701711 0.411765
818 288 122 0.702439 0.413199
819 288 122 0.702439 0.413199
820 289 122 0.703163 0.414634
821 289 122 0.703163 0.414634
822 290 122 0.703883 0.416069
823 290 122 0.703883 0.416069
824 291 122 0.704601 0.417504
825 291 122 0.704601 0.417504
826 292 122 0.705314 0.418938
827 292 122 0.705314 0.418938
828 293 122 0.706024 0.420373
829 293 122 0.706024 0.420373
830 294 122 0.706731 0.421808
831 294 122 0.706731 0.421808
832 295 122 0.707434 0.423242
833 295 122 0.707434 0.423242
834 296 122 0.708134 0.424677
835 296 122 0.708134 0.424677
836 296 123 0.706444 0.424677
837 296 123 0.706444 0.424677
838 297 123 0.707143 0.426112
839 297 123 0.707143 0.426112
840 297 124 0.705463 0.426112
841 297 124 0.705463 0.426112
842 298 124 0.706161 0.427547
843 298 124 0.706161 0.427547
844 298 125 0.704492 0.427547
845 298 125 0.704492 0.427547
846 299 125 0.705189 0.428981
847 299 125 0.705189 0.428981
848 300 125 0.705882 0.430416
849 300 125 0.705882 0.430416
850 300 126 0.704225 0.430416
851 300 126 0.704225 0.430416
852 301 126 0.704918 0.431851
853 301 126 0.704918 0.431851
854 302 126 0.705607 0.433286
855 302 126 0.705607 0.433286
856 303 126 0.706294 0.434720
857 303 126 0.706294 0.434720
858 304 126 0.706977 0.436155
859 304 126 0.706977 0.436155
860 305 126 0.707657 0.437590
861 305 126 0.707657 0.437590
862 305 127 0.706019 0.437590
863 305 127 0.706019 0.437590
864 306 127 0.706697 0.439024
865 306 127 0.706697 0.439024
866 307 127 0.707373 0.440459
867 307 127 0.707373 0.440459
868 308 127 0.708046 0.441894
869 308 127 0.708046 0.441894
870 309 127 0.708716 0.443329
871 309 127 0.708716 0.443329
872 310 127 0.709382 0.444763
873 310 127 0.709382 0.444763
874 311 127 0.710046 0.446198
875 311 127 0.710046 0.446198
876 311 128 0.708428 0.446198
877 311 128 0.708428 0.446198
878 312 128 0.709091 0.447633
879 312 128 0.709091 0.447633
880 313 128 0.709751 0.449067
881 313 128 0.709751 0.449067
882 313 129 0.708145 0.449067
883 313 129 0.708145 0.449067
884 313 130 0.706546 0.449067
885 313 130 0.706546 0.449067
886 314 130 0.707207 0.450502
887 314 130 0.707207 0.450502
888 315 130 0.707865 0.451937
889 315 130 0.707865 0.451937
890 316 130 0.708520 0.453372
891 316 130 0.708520 0.453372
892 316 131 0.706935 0.453372
893 316 131 0.706935 0.453372
894 316 132 0.705357 0.453372
895 316 132 0.705357 0.453372
896 316 133 0.703786 0.453372
897 316 133 0.703786 0.453372
898 317 133 0.704444 0.454806
899 317 133 0.704444 0.454806
900 318 133 0.705100 0.456241
901 318 133 0.705100 0.456241
902 318 134 0.703540 0.456241
903 318 134 0.703540 0.456241
904 319 134 0.704194 0.457676
905 319 134 0.704194 0.457676
906 319 135 0.702643 0.457676
907 319 135 0.702643 0.457676
908 320 135 0.703297 0.459110
909 320 135 0.703297 0.459110
910 320 136 0.701754 0.459110
911 320 136 0.701754 0.459110
912 321 136 0.702407 0.460545
913 321 136 0.702407 0.460545
914 321 137 0.700873 0.460545
915 321 137 0.700873 0.460545
916 321 138 0.699346 0.460545
917 321 138 0.699346 0.460545
918 322 138 0.700000 0.461980
919 322 138 0.700000 0.461980
920 323 138 0.700651 0.463415
921 323 138 0.700651 0.463415
922 324 138 0.701299 0.464849
923 324 138 0.701299 0.464849
924 324 139 0.699784 0.464849
925 324 139 0.699784 0.464849
926 325 139 0.700431 0.466284
927 325 139 0.700431 0.466284
928 326 139 0.701075 0.467719
929 326 139 0.701075 0.467719
930 327 139 0.701717 0.469154
931 327 139 0.701717 0.469154
932 327 140 0.700214 0.469154
933 327 140 0.700214 0.469154
934 327 141 0.698718 0.469154
935 327 141 0.698718 0.469154
936 327 142 0.697228 0.469154
937 327 142 0.697228 0.469154
938 328 142 0.697872 0.470588
939 328 142 0.697872 0.470588
940 329 142 0.698514 0.472023
941 329 142 0.698514 0.472023
942 329 143 0.697034 0.472023
943 329 143 0.697034 0.472023
944 329 144 0.695560 0.472023
945 329 144 0.695560 0.472023
946 329 145 0.694093 0.472023
947 329 145 0.694093 0.472023
948 330 145 0.694737 0.473458
949 330 145 0.694737 0.473458
950 331 145 0.695378 0.474892
951 331 145 0.695378 0.474892
952 332 145 0.696017 0.476327
953 332 145 0.696017 0.476327
954 332 146 0.694561 0.476327
955 332 146 0.694561 0.476327
956 332 147 0.693111 0.476327
957 332 147 0.693111 0.476327
958 333 147 0.693750 0.477762
959 333 147 0.693750 0.477762
960 333 148 0.692308 0.477762
961 333 148 0.692308 0.477762
962 334 148 0.692946 0.479197
963 334 148 0.692946 0.479197
964 335 148 0.693582 0.480631
965 335 148 0.693582 0.480631
966 336 148 0.694215 0.482066
967 336 148 0.694215 0.482066
968 337 148 0.694845 0.483501
969 337 148 0.694845 0.483501
970 338 148 0.695473 0.484935
971 338 148 0.695473 0.484935
972 339 148 0.696099 0.486370
973 339 148 0.696099 0.486370
974 340 148 0.696721 0.487805
975 340 148 0.696721 0.487805
976 341 148 0.697342 0.489240
977 341 148 0.697342 0.489240
978 341 149 0.695918 0.489240
979 341 149 0.695918 0.489240
980 342 149 0.696538 0.490674
981 342 149 0.696538 0.490674
982 343 149 0.697154 0.492109
983 343 149 0.697154 0.492109
984 344 149 0.697769 0.493544
985 344 149 0.697769 0.493544
986 345 149 0.698381 0.494978
987 345 149 0.698381 0.494978
988 346 149 0.698990 0.496413
989 346 149 0.698990 0.496413
990 347 149 0.699597 0.497848
991 347 149 0.699597 0.497848
992 347 150 0.698189 0.497848
993 347 150 0.698189 0.497848
994 348 150 0.698795 0.499283
995 348 150 0.698795 0.499283
996 349 150 0.699399 0.500717
997 349 150 0.699399 0.500717
998 349 151 0.698000 0.500717
999 349 151 0.698000 0.500717
1000 350 151 0.698603 0.502152
1001 350 151 0.698603 0.502152
1002 351 151 0.699203 0.503587
1003 351 151 0.699203 0.503587
1004 351 152 0.697813 0.503587
1005 351 152 0.697813 0.503587
1006 352 152 0.698413 0.505022
1007 352 152 0.698413 0.505022
1008 353 152 0.699010 0.506456
1009 353 152 0.699010 0.506456
1010 354 152 0.699605 0.507891
1011 354 152 0.699605 0.507891
1012 354 153 0.698225 0.507891
1013 354 153 0.698225 0.507891
1014 354 154 0.696850 0.507891
1015 354 154 0.696850 0.507891
1016 355 154 0.697446 0.509326
1017 355 154 0.697446 0.509326
1018 355 155 0.696078 0.509326
1019 355 155 0.696078 0.509326
1020 356 155 0.696673 0.510760
1021 356 155 0.696673 0.510760
1022 356 156 0.695312 0.510760
1023 356 156 0.695312 0.510760
1024 356 157 0.693957 0.510760
1025 356 157 0.693957 0.510760
1026 357 157 0.694553 0.512195
1027 357 157 0.694553 0.512195
1028 357 158 0.693204 0.512195
1029 357 158 0.693204 0.512195
1030 358 158 0.693798 0.513630
1031 358 158 0.693798 0.513630
1032 359 158 0.694391 0.515065
1033 359 158 0.694391 0.515065
1034 360 158 0.694981 0.516499
1035 360 158 0.694981 0.516499
1036 361 158 0.695568 0.517934
1037 361 158 0.695568 0.517934
1038 361 159 0.694231 0.517934
1039 361 159 0.694231 0.517934
1040 362 159 0.694818 0.519369
1041 362 159 0.694818 0.519369
1042 362 160 0.693487 0.519369
1043 362 160 0.693487 0.519369
1044 363 160 0.694073 0.520803
1045 363 160 0.694073 0.520803
1046 364 160 0.694656 0.522238
1047 364 160 0.694656 0.522238
1048 364 161 0.693333 0.522238
1049 364 161 0.693333 0.522238
1050 365 161 0.693916 0.523673
1051 365 161 0.693916 0.523673
1052 366 161 0.694497 0.525108
1053 366 161 0.694497 0.525108
1054 367 161 0.695076 0.526542
1055 367 161 0.695076 0.526542
1056 368 161 0.695652 0.527977
1057 368 161 0.695652 0.527977
1058 369 161 0.696226 0.529412
1059 369 161 0.696226 0.529412
1060 370 161 0.696799 0.530846
1061 370 161 0.696799 0.530846
1062 370 162 0.695489 0.530846
1063 370 162 0.695489 0.530846
1064 371 162 0.696060 0.532281
1065 371 162 0.696060 0.532281
1066 372 162 0.696629 0.533716
1067 372 162 0.696629 0.533716
1068 372 163 0.695327 0.533716
1069 372 163 0.695327 0.533716
1070 373 163 0.695895 0.535151
1071 373 163 0.695895 0.535151
1072 374 163 0.696462 0.536585
1073 374 163 0.696462 0.536585
1074 374 164 0.695167 0.536585
1075 374 164 0.695167 0.536585
1076 375 164 0.695733 0.538020
1077 375 164 0.695733 0.538020
1078 376 164 0.696296 0.539455
1079 376 164 0.696296 0.539455
1080 377 164 0.696858 0.540890
1081 377 164 0.696858 0.540890
1082 378 164 0.697417 0.542324
1083 378 164 0.697417 0.542324
1084 378 165 0.696133 0.542324
1085 378 165 0.696133 0.542324
1086 379 165 0.696691 0.543759
1087 379 165 0.696691 0.543759
1088 380 165 0.697248 0.545194
1089 380 165 0.697248 0.545194
1090 380 166 0.695971 0.545194
1091 380 166 0.695971 0.545194
1092 381 166 0.696527 0.546628
1093 381 166 0.696527 0.546628
1094 382 166 0.697080 0.548063
1095 382 166 0.697080 0.548063
1096 383 166 0.697632 0.549498
1097 383 166 0.697632 0.549498
1098 384 166 0.698182 0.550933
1099 384 166 0.698182 0.550933
1100 384 167 0.696915 0.550933
1101 384 167 0.696915 0.550933
1102 384 168 0.695652 0.550933
1103 384 168 0.695652 0.550933
1104 385 168 0.696203 0.552367
1105 385 168 0.696203 0.552367
1106 386 168 0.696751 0.553802
1107 386 168 0.696751 0.553802
1108 387 168 0.697297 0.555237
1109 387 168 0.697297 0.555237
1110 387 169 0.696043 0.555237
1111 387 169 0.696043 0.555237
1112 388 169 0.696589 0.556671
1113 388 169 0.696589 0.556671
1114 389 169 0.697133 0.558106
1115 389 169 0.697133 0.558106
1116 389 170 0.695886 0.558106
1117 389 170 0.695886 0.558106
1118 390 170 0.696429 0.559541
1119 390 170 0.696429 0.559541
1120 390 171 0.695187 0.559541
1121 390 171 0.695187 0.559541
1122 391 171 0.695730 0.560976
1123 391 171 0.695730 0.560976
1124 392 171 0.696270 0.562410
1125 392 171 0.696270 0.562410
1126 393 171 0.696809 0.563845
1127 393 171 0.696809 0.563845
1128 394 171 0.697345 0.565280
1129 394 171 0.697345 0.565280
1130 395 171 0.697880 0.566714
1131 395 171 0.697880 0.566714
1132 396 171 0.698413 0.568149
1133 396 171 0.698413 0.568149
1134 397 171 0.698944 0.569584
1135 397 171 0.698944 0.569584
1136 398 171 0.699473 0.571019
1137 398 171 0.699473 0.571019
1138 398 172 0.698246 0.571019
1139 398 172 0.698246 0.571019
1140 398 173 0.697023 0.571019
1141 398 173 0.697023 0.571019
1142 399 173 0.697552 0.572453
1143 399 173 0.697552 0.572453
1144 400 173 0.698080 0.573888
1145 400 173 0.698080 0.573888
1146 401 173 0.698606 0.575323
1147 401 173 0.698606 0.575323
1148 402 173 0.699130 0.576758
1149 402 173 0.699130 0.576758
1150 403 173 0.699653 0.578192
1151 403 173 0.699653 0.578192
1152 404 173 0.700173 0.579627
1153 404 173 0.700173 0.579627
1154 405 173 0.700692 0.581062
1155 405 173 0.700692 0.581062
1156 406 173 0.701209 0.582496
1157 406 173 0.701209 0.582496
1158 406 174 0.700000 0.582496
1159 406 174 0.700000 0.582496
1160 407 174 0.700516 0.583931
1161 407 174 0.700516 0.583931
1162 407 175 0.699313 0.583931
1163 407 175 0.699313 0.583931
1164 407 176 0.698113 0.583931
1165 407 176 0.698113 0.583931
1166 408 176 0.698630 0.585366
1167 408 176 0.698630 0.585366
1168 409 176 0.699145 0.586801
1169 409 176 0.699145 0.586801
1170 410 176 0.699659 0.588235
1171 410 176 0.699659 0.588235
1172 410 177 0.698467 0.588235
1173 410 177 0.698467 0.588235
1174 411 177 0.698980 0.589670
1175 411 177 0.698980 0.589670
1176 412 177 0.699491 0.591105
1177 412 177 0.699491 0.591105
1178 412 178 0.698305 0.591105
1179 412 178 0.698305 0.591105
1180 413 178 0.698816 0.592539
1181 413 178 0.698816 0.592539
1182 414 178 0.699324 0.593974
1183 414 178 0.699324 0.593974
1184 415 178 0.699831 0.595409
1185 415 178 0.699831 0.595409
1186 416 178 0.700337 0.596844
1187 416 178 0.700337 0.596844
1188 417 178 0.700840 0.598278
1189 417 178 0.700840 0.598278
1190 417 179 0.699664 0.598278
1191 417 179 0.699664 0.598278
1192 418 179 0.700167 0.599713
1193 418 179 0.700167 0.599713
1194 419 179 0.700669 0.601148
1195 419 179 0.700669 0.601148
1196 419 180 0.699499 0.601148
1197 419 180 0.699499 0.601148
1198 419 181 0.698333 0.601148
1199 419 181 0.698333 0.601148
1200 419 182 0.697171 0.601148
1201 419 182 0.697171 0.601148
1202 420 182 0.697674 0.602583
1203 420 182 0.697674 0.602583
1204 421 182 0.698176 0.604017
1205 421 182 0.698176 0.604017
1206 422 182 0.698676 0.605452
1207 422 182 0.698676 0.605452
1208 423 182 0.699174 0.606887
1209 423 182 0.699174 0.606887
1210 424 182 0.699670 0.608321
1211 424 182 0.699670 0.608321
1212 425 182 0.700165 0.609756
1213 425 182 0.700165 0.609756
1214 426 182 0.700658 0.611191
1215 426 182 0.700658 0.611191
1216 427 182 0.701149 0.612626
1217 427 182 0.701149 0.612626
1218 428 182 0.701639 0.614060
1219 428 182 0.701639 0.614060
1220 428 183 0.700491 0.614060
1221 428 183 0.700491 0.614060
1222 429 183 0.700980 0.615495
1223 429 183 0.700980 0.615495
1224 430 183 0.701468 0.616930
1225 430 183 0.701468 0.616930
1226 430 184 0.700326 0.616930
1227 430 184 0.700326 0.616930
1228 430 185 0.699187 0.616930
1229 430 185 0.699187 0.616930
1230 431 185 0.699675 0.618364
1231 431 185 0.699675 0.618364
1232 432 185 0.700162 0.619799
1233 432 185 0.700162 0.619799
1234 433 185 0.700647 0.621234
1235 433 185 0.700647 0.621234
1236 433 186 0.699515 0.621234
1237 433 186 0.699515 0.621234
1238 434 186 0.700000 0.622669
1239 434 186 0.700000 0.622669
1240 435 186 0.700483 0.624103
1241 435 186 0.700483 0.624103
1242 436 186 0.700965 0.625538
1243 436 186 0.700965 0.625538
1244 437 186 0.701445 0.626973
1245 437 186 0.701445 0.626973
1246 438 186 0.701923 0.628407
1247 438 186 0.701923 0.628407
1248 439 186 0.702400 0.629842
1249 439 186 0.702400 0.629842
1250 440 186 0.702875 0.631277
1251 440 186 0.702875 0.631277
1252 441 186 0.703349 0.632712
1253 441 186 0.703349 0.632712
1254 442 186 0.703822 0.634146
1255 442 186 0.703822 0.634146
1256 443 186 0.704293 0.635581
1257 443 186 0.704293 0.635581
1258 444 186 0.704762 0.637016
1259 444 186 0.704762 0.637016
1260 445 186 0.705230 0.638451
1261 445 186 0.705230 0.638451
1262 446 186 0.705696 0.639885
1263 446 186 0.705696 0.639885
1264 446 187 0.704581 0.639885
1265 446 187 0.704581 0.639885
1266 447 187 0.705047 0.641320
1267 447 187 0.705047 0.641320
1268 448 187 0.705512 0.642755
1269 448 187 0.705512 0.642755
1270 449 187 0.705975 0.644189
1271 449 187 0.705975 0.644189
1272 450 187 0.706436 0.645624
1273 450 187 0.706436 0.645624
1274 451 187 0.706897 0.647059
1275 451 187 0.706897 0.647059
1276 451 188 0.705790 0.647059
1277 451 188 0.705790 0.647059
1278 452 188 0.706250 0.648494
1279 452 188 0.706250 0.648494
1280 453 188 0.706708 0.649928
1281 453 188 0.706708 0.649928
1282 454 188 0.707165 0.651363
1283 454 188 0.707165 0.651363
1284 454 189 0.706065 0.651363
1285 454 189 0.706065 0.651363
1286 455 189 0.706522 0.652798
1287 455 189 0.706522 0.652798
1288 455 190 0.705426 0.652798
1289 455 190 0.705426 0.652798
1290 456 190 0.705882 0.654232
1291 456 190 0.705882 0.654232
1292 457 190 0.706337 0.655667
1293 457 190 0.706337 0.655667
1294 458 190 0.706790 0.657102
1295 458 190 0.706790 0.657102
1296 459 190 0.707242 0.658537
1297 459 190 0.707242 0.658537
1298 459 191 0.706154 0.658537
1299 459 191 0.706154 0.658537
1300 460 191 0.706605 0.659971
1301 460 191 0.706605 0.659971
1302 460 192 0.705521 0.659971
1303 460 192 0.705521 0.659971
1304 460 193 0.704441 0.659971
1305 460 193 0.704441 0.659971
1306 461 193 0.704893 0.661406
1307 461 193 0.704893 0.661406
1308 462 193 0.705343 0.662841
1309 462 193 0.705343 0.662841
1310 463 193 0.705793 0.664275
1311 463 193 0.705793 0.664275
1312 464 193 0.706240 0.665710
1313 464 193 0.706240 0.665710
1314 465 193 0.706687 0.667145
1315 465 193 0.706687 0.667145
1316 465 194 0.705615 0.667145
1317 465 194 0.705615 0.667145
1318 466 194 0.706061 0.668580
1319 466 194 0.706061 0.668580
1320 467 194 0.706505 0.670014
1321 467 194 0.706505 0.670014
1322 468 194 0.706949 0.671449
1323 468 194 0.706949 0.671449
1324 469 194 0.707391 0.672884
1325 469 194 0.707391 0.672884
1326 470 194 0.707831 0.674318
1327 470 194 0.707831 0.674318
1328 471 194 0.708271 0.675753
1329 471 194 0.708271 0.675753
1330 472 194 0.708709 0.677188
1331 472 194 0.708709 0.677188
1332 473 194 0.709145 0.678623
1333 473 194 0.709145 0.678623
1334 474 194 0.709581 0.680057
1335 474 194 0.709581 0.680057
1336 475 194 0.710015 0.681492
1337 475 194 0.710015 0.681492
1338 476 194 0.710448 0.682927
1339 476 194 0.710448 0.682927
1340 477 194 0.710879 0.684362
1341 477 194 0.710879 0.684362
1342 478 194 0.711310 0.685796
1343 478 194 0.711310 0.685796
1344 479 194 0.711738 0.687231
1345 479 194 0.711738 0.687231
1346 480 194 0.712166 0.688666
1347 480 194 0.712166 0.688666
1348 481 194 0.712593 0.690100
1349 481 194 0.712593 0.690100
1350 482 194 0.713018 0.691535
1351 482 194 0.713018 0.691535
1352 483 194 0.713442 0.692970
1353 483 194 0.713442 0.692970
1354 483 195 0.712389 0.692970
1355 483 195 0.712389 0.692970
1356 484 195 0.712813 0.694405
1357 484 195 0.712813 0.694405
1358 485 195 0.713235 0.695839
1359 485 195 0.713235 0.695839
1360 485 196 0.712188 0.695839
1361 485 196 0.712188 0.695839
1362 486 196 0.712610 0.697274
1363 486 196 0.712610 0.697274
1364 487 196 0.713031 0.698709
1365 487 196 0.713031 0.698709
1366 488 196 0.713450 0.700143
1367 488 196 0.713450 0.700143
1368 489 196 0.713869 0.701578
1369 489 196 0.713869 0.701578
1370 490 196 0.714286 0.703013
1371 490 196 0.714286 0.703013
1372 491 196 0.714702 0.704448
1373 491 196 0.714702 0.704448
1374 491 197 0.713663 0.704448
1375 491 197 0.713663 0.704448
1376 492 197 0.714078 0.705882
1377 492 197 0.714078 0.705882
1378 493 197 0.714493 0.707317
1379 493 197 0.714493 0.707317
1380 494 197 0.714906 0.708752
1381 494 197 0.714906 0.708752
1382 494 198 0.713873 0.708752
1383 494 198 0.713873 0.708752
1384 494 199 0.712843 0.708752
1385 494 199 0.712843 0.708752
1386 495 199 0.713256 0.710187
1387 495 199 0.713256 0.710187
1388 496 199 0.713669 0.711621
1389 496 199 0.713669 0.711621
1390 497 199 0.714080 0.713056
1391 497 199 0.714080 0.713056
1392 498 199 0.714491 0.714491
1393 498 199 0.714491 0.714491
1394 499 199 0.714900 0.715925
1395 499 199 0.714900 0.715925
1396 499 200 0.713877 0.715925
1397 499 200 0.713877 0.715925
1398 499 201 0.712857 0.715925
1399 499 201 0.712857 0.715925
1400 499 202 0.711840 0.715925
1401 499 202 0.711840 0.715925
1402 500 202 0.712251 0.717360
1403 500 202 0.712251 0.717360
1404 501 202 0.712660 0.718795
1405 501 202 0.712660 0.718795
1406 502 202 0.713068 0.720230
1407 502 202 0.713068 0.720230
1408 502 203 0.712057 0.720230
1409 502 203 0.712057 0.720230
1410 503 203 0.712465 0.721664
1411 503 203 0.712465 0.721664
1412 504 203 0.712871 0.723099
1413 504 203 0.712871 0.723099
1414 504 204 0.711864 0.723099
1415 504 204 0.711864 0.723099
1416 505 204 0.712271 0.724534
