Index,TP,FP,Precision,Recall 
0 0 1 0
1 0 1 0
2 1 1 0.500000
3 1 1 0.500000
4 2 1 0.666667
5 2 1 0.666667
6 3 1 0.750000
7 3 1 0.750000
8 3 2 0.600000
9 3 2 0.600000
10 4 2 0.666667
11 4 2 0.666667
12 4 3 0.571429
13 4 3 0.571429
14 5 3 0.625000
15 5 3 0.625000
16 5 4 0.555556
17 5 4 0.555556
18 5 5 0.500000
19 5 5 0.500000
20 6 5 0.545455
21 6 5 0.545455
22 7 5 0.583333
23 7 5 0.583333
24 7 6 0.538462
25 7 6 0.538462
26 8 6 0.571429
27 8 6 0.571429
28 9 6 0.600000
29 9 6 0.600000
30 9 7 0.562500
31 9 7 0.562500
32 10 7 0.588235
33 10 7 0.588235
34 11 7 0.611111
35 11 7 0.611111
36 11 8 0.578947
37 11 8 0.578947
38 12 8 0.600000
39 12 8 0.600000
40 12 9 0.571429
41 12 9 0.571429
42 13 9 0.590909
43 13 9 0.590909
44 13 10 0.565217
45 13 10 0.565217
46 14 10 0.583333
47 14 10 0.583333
48 15 10 0.600000
49 15 10 0.600000
50 16 10 0.615385
51 16 10 0.615385
52 16 11 0.592593
53 16 11 0.592593
54 17 11 0.607143
55 17 11 0.607143
56 17 12 0.586207
57 17 12 0.586207
58 18 12 0.600000
59 18 12 0.600000
60 19 12 0.612903
61 19 12 0.612903
62 20 12 0.625000
63 20 12 0.625000
64 21 12 0.636364
65 21 12 0.636364
66 21 13 0.617647
67 21 13 0.617647
68 22 13 0.628571
69 22 13 0.628571
70 23 13 0.638889
71 23 13 0.638889
72 23 14 0.621622
73 23 14 0.621622
74 23 15 0.605263
75 23 15 0.605263
76 24 15 0.615385
77 24 15 0.615385
78 25 15 0.625000
79 25 15 0.625000
80 25 16 0.609756
81 25 16 0.609756
82 25 17 0.595238
83 25 17 0.595238
84 26 17 0.604651
85 26 17 0.604651
86 26 18 0.590909
87 26 18 0.590909
88 27 18 0.600000
89 27 18 0.600000
90 28 18 0.608696
91 28 18 0.608696
92 28 19 0.595745
93 28 19 0.595745
94 28 20 0.583333
95 28 20 0.583333
96 28 21 0.571429
97 28 21 0.571429
98 28 22 0.560000
99 28 22 0.560000
100 29 22 0.568627
101 29 22 0.568627
102 29 23 0.557692
103 29 23 0.557692
104 30 23 0.566038
105 30 23 0.566038
106 31 23 0.574074
107 31 23 0.574074
108 31 24 0.563636
109 31 24 0.563636
110 31 25 0.553571
111 31 25 0.553571
112 32 25 0.561404
113 32 25 0.561404
114 33 25 0.568965
115 33 25 0.568965
116 33 26 0.559322
117 33 26 0.559322
118 34 26 0.566667
119 34 26 0.566667
120 34 27 0.557377
121 34 27 0.557377
122 35 27 0.564516
123 35 27 0.564516
124 35 28 0.555556
125 35 28 0.555556
126 36 28 0.562500
127 36 28 0.562500
128 36 29 0.553846
129 36 29 0.553846
130 37 29 0.560606
131 37 29 0.560606
132 37 30 0.552239
133 37 30 0.552239
134 37 31 0.544118
135 37 31 0.544118
136 38 31 0.550725
137 38 31 0.550725
138 39 31 0.557143
139 39 31 0.557143
140 40 31 0.563380
141 40 31 0.563380
142 41 31 0.569444
143 41 31 0.569444
144 41 32 0.561644
145 41 32 0.561644
146 42 32 0.567568
147 42 32 0.567568
148 43 32 0.573333
149 43 32 0.573333
150 43 33 0.565789
151 43 33 0.565789
152 43 34 0.558442
153 43 34 0.558442
154 43 35 0.551282
155 43 35 0.551282
156 43 36 0.544304
157 43 36 0.544304
158 43 37 0.537500
159 43 37 0.537500
160 44 37 0.543210
161 44 37 0.543210
162 45 37 0.548781
163 45 37 0.548781
164 46 37 0.554217
165 46 37 0.554217
166 46 38 0.547619
167 46 38 0.547619
168 47 38 0.552941
169 47 38 0.552941
170 47 39 0.546512
171 47 39 0.546512
172 48 39 0.551724
173 48 39 0.551724
174 49 39 0.556818
175 49 39 0.556818
176 49 40 0.550562
177 49 40 0.550562
178 49 41 0.544444
179 49 41 0.544444
180 50 41 0.549451
181 50 41 0.549451
182 51 41 0.554348
183 51 41 0.554348
184 52 41 0.559140
185 52 41 0.559140
186 52 42 0.553191
187 52 42 0.553191
188 52 43 0.547368
189 52 43 0.547368
190 52 44 0.541667
191 52 44 0.541667
192 53 44 0.546392
193 53 44 0.546392
194 53 45 0.540816
195 53 45 0.540816
196 54 45 0.545455
197 54 45 0.545455
198 54 46 0.540000
199 54 46 0.540000
200 55 46 0.544554
201 55 46 0.544554
202 56 46 0.549020
203 56 46 0.549020
204 57 46 0.553398
205 57 46 0.553398
206 58 46 0.557692
207 58 46 0.557692
208 59 46 0.561905
209 59 46 0.561905
210 60 46 0.566038
211 60 46 0.566038
212 60 47 0.560748
213 60 47 0.560748
214 60 48 0.555556
215 60 48 0.555556
216 60 49 0.550459
217 60 49 0.550459
218 61 49 0.554545
219 61 49 0.554545
220 62 49 0.558559
221 62 49 0.558559
222 63 49 0.562500
223 63 49 0.562500
224 63 50 0.557522
225 63 50 0.557522
226 63 51 0.552632
227 63 51 0.552632
228 63 52 0.547826
229 63 52 0.547826
230 64 52 0.551724
231 64 52 0.551724
232 64 53 0.547009
233 64 53 0.547009
234 64 54 0.542373
235 64 54 0.542373
236 65 54 0.546219
237 65 54 0.546219
238 66 54 0.550000
239 66 54 0.550000
240 67 54 0.553719
241 67 54 0.553719
242 68 54 0.557377
243 68 54 0.557377
244 68 55 0.552846
245 68 55 0.552846
246 68 56 0.548387
247 68 56 0.548387
248 69 56 0.552000
249 69 56 0.552000
250 70 56 0.555556
251 70 56 0.555556
252 71 56 0.559055
253 71 56 0.559055
254 72 56 0.562500
255 72 56 0.562500
256 72 57 0.558140
257 72 57 0.558140
258 72 58 0.553846
259 72 58 0.553846
260 73 58 0.557252
261 73 58 0.557252
262 74 58 0.560606
263 74 58 0.560606
264 75 58 0.563910
265 75 58 0.563910
266 75 59 0.559702
267 75 59 0.559702
268 76 59 0.562963
269 76 59 0.562963
270 76 60 0.558824
271 76 60 0.558824
272 76 61 0.554745
273 76 61 0.554745
274 77 61 0.557971
275 77 61 0.557971
276 77 62 0.553957
277 77 62 0.553957
278 78 62 0.557143
279 78 62 0.557143
280 79 62 0.560284
281 79 62 0.560284
282 80 62 0.563380
283 80 62 0.563380
284 81 62 0.566434
285 81 62 0.566434
286 82 62 0.569444
287 82 62 0.569444
288 83 62 0.572414
289 83 62 0.572414
290 83 63 0.568493
291 83 63 0.568493
292 84 63 0.571429
293 84 63 0.571429
294 85 63 0.574324
295 85 63 0.574324
296 86 63 0.577181
297 86 63 0.577181
298 87 63 0.580000
299 87 63 0.580000
300 88 63 0.582781
301 88 63 0.582781
302 89 63 0.585526
303 89 63 0.585526
304 90 63 0.588235
305 90 63 0.588235
306 90 64 0.584416
307 90 64 0.584416
308 90 65 0.580645
309 90 65 0.580645
310 91 65 0.583333
311 91 65 0.583333
312 92 65 0.585987
313 92 65 0.585987
314 93 65 0.588608
315 93 65 0.588608
316 94 65 0.591195
317 94 65 0.591195
318 94 66 0.587500
319 94 66 0.587500
320 95 66 0.590062
321 95 66 0.590062
322 96 66 0.592593
323 96 66 0.592593
324 97 66 0.595092
325 97 66 0.595092
326 98 66 0.597561
327 98 66 0.597561
328 99 66 0.600000
329 99 66 0.600000
330 100 66 0.602410
331 100 66 0.602410
332 101 66 0.604790
333 101 66 0.604790
334 101 67 0.601190
335 101 67 0.601190
336 102 67 0.603550
337 102 67 0.603550
338 103 67 0.605882
339 103 67 0.605882
340 104 67 0.608187
341 104 67 0.608187
342 105 67 0.610465
343 105 67 0.610465
344 106 67 0.612717
345 106 67 0.612717
346 106 68 0.609195
347 106 68 0.609195
348 107 68 0.611429
349 107 68 0.611429
350 108 68 0.613636
351 108 68 0.613636
352 108 69 0.610169
353 108 69 0.610169
354 109 69 0.612360
355 109 69 0.612360
356 109 70 0.608939
357 109 70 0.608939
358 110 70 0.611111
359 110 70 0.611111
360 111 70 0.613260
361 111 70 0.613260
362 112 70 0.615385
363 112 70 0.615385
364 113 70 0.617486
365 113 70 0.617486
366 114 70 0.619565
367 114 70 0.619565
368 115 70 0.621622
369 115 70 0.621622
370 116 70 0.623656
371 116 70 0.623656
372 117 70 0.625668
373 117 70 0.625668
374 118 70 0.627660
375 118 70 0.627660
376 119 70 0.629630
377 119 70 0.629630
378 120 70 0.631579
379 120 70 0.631579
380 121 70 0.633508
381 121 70 0.633508
382 122 70 0.635417
383 122 70 0.635417
384 123 70 0.637306
385 123 70 0.637306
386 124 70 0.639175
387 124 70 0.639175
388 125 70 0.641026
389 125 70 0.641026
390 126 70 0.642857
391 126 70 0.642857
392 127 70 0.644670
393 127 70 0.644670
394 128 70 0.646465
395 128 70 0.646465
396 129 70 0.648241
397 129 70 0.648241
398 130 70 0.650000
399 130 70 0.650000
400 131 70 0.651741
401 131 70 0.651741
402 131 71 0.648515
403 131 71 0.648515
404 131 72 0.645320
405 131 72 0.645320
406 132 72 0.647059
407 132 72 0.647059
408 133 72 0.648780
409 133 72 0.648780
410 134 72 0.650485
411 134 72 0.650485
412 135 72 0.652174
413 135 72 0.652174
414 136 72 0.653846
415 136 72 0.653846
416 137 72 0.655502
417 137 72 0.655502
418 138 72 0.657143
419 138 72 0.657143
420 139 72 0.658768
421 139 72 0.658768
422 139 73 0.655660
423 139 73 0.655660
424 140 73 0.657277
425 140 73 0.657277
426 141 73 0.658879
427 141 73 0.658879
428 141 74 0.655814
429 141 74 0.655814
430 142 74 0.657407
431 142 74 0.657407
432 142 75 0.654378
433 142 75 0.654378
434 143 75 0.655963
435 143 75 0.655963
436 144 75 0.657534
437 144 75 0.657534
438 145 75 0.659091
439 145 75 0.659091
440 146 75 0.660634
441 146 75 0.660634
442 147 75 0.662162
443 147 75 0.662162
444 148 75 0.663677
445 148 75 0.663677
446 149 75 0.665179
447 149 75 0.665179
448 150 75 0.666667
449 150 75 0.666667
450 151 75 0.668142
451 151 75 0.668142
452 152 75 0.669604
453 152 75 0.669604
454 153 75 0.671053
455 153 75 0.671053
456 154 75 0.672489
457 154 75 0.672489
458 154 76 0.669565
459 154 76 0.669565
460 155 76 0.670996
461 155 76 0.670996
462 155 77 0.668103
463 155 77 0.668103
464 155 78 0.665236
465 155 78 0.665236
466 155 79 0.662393
467 155 79 0.662393
468 156 79 0.663830
469 156 79 0.663830
470 157 79 0.665254
471 157 79 0.665254
472 158 79 0.666667
473 158 79 0.666667
474 159 79 0.668067
475 159 79 0.668067
476 159 80 0.665272
477 159 80 0.665272
478 160 80 0.666667
479 160 80 0.666667
480 161 80 0.668050
481 161 80 0.668050
482 162 80 0.669421
483 162 80 0.669421
484 163 80 0.670782
485 163 80 0.670782
486 164 80 0.672131
487 164 80 0.672131
488 165 80 0.673469
489 165 80 0.673469
490 165 81 0.670732
491 165 81 0.670732
492 165 82 0.668016
493 165 82 0.668016
494 166 82 0.669355
495 166 82 0.669355
496 167 82 0.670683
497 167 82 0.670683
498 168 82 0.672000
499 168 82 0.672000
500 169 82 0.673307
501 169 82 0.673307
502 170 82 0.674603
503 170 82 0.674603
504 171 82 0.675889
505 171 82 0.675889
506 172 82 0.677165
507 172 82 0.677165
508 173 82 0.678431
509 173 82 0.678431
510 173 83 0.675781
511 173 83 0.675781
512 173 84 0.673152
513 173 84 0.673152
514 173 85 0.670543
515 173 85 0.670543
516 174 85 0.671815
517 174 85 0.671815
518 174 86 0.669231
519 174 86 0.669231
520 175 86 0.670498
521 175 86 0.670498
522 176 86 0.671756
523 176 86 0.671756
524 177 86 0.673004
525 177 86 0.673004
526 177 87 0.670455
527 177 87 0.670455
528 177 88 0.667925
529 177 88 0.667925
530 178 88 0.669173
531 178 88 0.669173
532 179 88 0.670412
533 179 88 0.670412
534 179 89 0.667910
535 179 89 0.667910
536 180 89 0.669145
537 180 89 0.669145
538 181 89 0.670370
539 181 89 0.670370
540 182 89 0.671587
541 182 89 0.671587
542 183 89 0.672794
543 183 89 0.672794
544 184 89 0.673993
545 184 89 0.673993
546 184 90 0.671533
547 184 90 0.671533
548 184 91 0.669091
549 184 91 0.669091
550 185 91 0.670290
551 185 91 0.670290
552 185 92 0.667870
553 185 92 0.667870
554 186 92 0.669065
555 186 92 0.669065
556 187 92 0.670251
557 187 92 0.670251
558 188 92 0.671429
559 188 92 0.671429
560 189 92 0.672598
561 189 92 0.672598
562 190 92 0.673759
563 190 92 0.673759
564 191 92 0.674912
565 191 92 0.674912
566 192 92 0.676056
567 192 92 0.676056
568 192 93 0.673684
569 192 93 0.673684
570 193 93 0.674825
571 193 93 0.674825
572 194 93 0.675958
573 194 93 0.675958
574 195 93 0.677083
575 195 93 0.677083
576 195 94 0.674740
577 195 94 0.674740
578 196 94 0.675862
579 196 94 0.675862
580 196 95 0.673540
581 196 95 0.673540
582 197 95 0.674658
583 197 95 0.674658
584 197 96 0.672355
585 197 96 0.672355
586 198 96 0.673469
587 198 96 0.673469
588 198 97 0.671186
589 198 97 0.671186
590 199 97 0.672297
591 199 97 0.672297
592 199 98 0.670034
593 199 98 0.670034
594 199 99 0.667785
595 199 99 0.667785
596 199 100 0.665552
597 199 100 0.665552
598 200 100 0.666667
599 200 100 0.666667
600 201 100 0.667774
601 201 100 0.667774
602 201 101 0.665563
603 201 101 0.665563
604 202 101 0.666667
605 202 101 0.666667
606 203 101 0.667763
607 203 101 0.667763
608 204 101 0.668852
609 204 101 0.668852
610 204 102 0.666667
611 204 102 0.666667
612 204 103 0.664495
613 204 103 0.664495
614 205 103 0.665584
615 205 103 0.665584
616 206 103 0.666667
617 206 103 0.666667
618 207 103 0.667742
619 207 103 0.667742
620 207 104 0.665595
621 207 104 0.665595
622 208 104 0.666667
623 208 104 0.666667
624 209 104 0.667732
625 209 104 0.667732
626 210 104 0.668790
627 210 104 0.668790
628 210 105 0.666667
629 210 105 0.666667
630 211 105 0.667722
631 211 105 0.667722
632 211 106 0.665615
633 211 106 0.665615
634 212 106 0.666667
635 212 106 0.666667
636 212 107 0.664577
637 212 107 0.664577
638 213 107 0.665625
639 213 107 0.665625
640 214 107 0.666667
641 214 107 0.666667
642 215 107 0.667702
643 215 107 0.667702
644 216 107 0.668731
645 216 107 0.668731
646 217 107 0.669753
647 217 107 0.669753
648 218 107 0.670769
649 218 107 0.670769
650 219 107 0.671779
651 219 107 0.671779
652 220 107 0.672783
653 220 107 0.672783
654 221 107 0.673781
655 221 107 0.673781
656 222 107 0.674772
657 222 107 0.674772
658 223 107 0.675758
659 223 107 0.675758
660 224 107 0.676737
661 224 107 0.676737
662 225 107 0.677711
663 225 107 0.677711
664 226 107 0.678679
665 226 107 0.678679
666 227 107 0.679641
667 227 107 0.679641
668 227 108 0.677612
669 227 108 0.677612
670 228 108 0.678571
671 228 108 0.678571
672 229 108 0.679525
673 229 108 0.679525
674 230 108 0.680473
675 230 108 0.680473
676 231 108 0.681416
677 231 108 0.681416
678 232 108 0.682353
679 232 108 0.682353
680 233 108 0.683284
681 233 108 0.683284
682 234 108 0.684211
683 234 108 0.684211
684 235 108 0.685131
685 235 108 0.685131
686 236 108 0.686047
687 236 108 0.686047
688 237 108 0.686957
689 237 108 0.686957
690 238 108 0.687861
691 238 108 0.687861
692 238 109 0.685879
693 238 109 0.685879
694 238 110 0.683908
695 238 110 0.683908
696 239 110 0.684814
697 239 110 0.684814
698 240 110 0.685714
699 240 110 0.685714
700 241 110 0.686610
701 241 110 0.686610
702 242 110 0.687500
703 242 110 0.687500
704 243 110 0.688385
705 243 110 0.688385
706 244 110 0.689266
707 244 110 0.689266
708 244 111 0.687324
709 244 111 0.687324
710 245 111 0.688202
711 245 111 0.688202
712 246 111 0.689076
713 246 111 0.689076
714 247 111 0.689944
715 247 111 0.689944
716 248 111 0.690808
717 248 111 0.690808
718 248 112 0.688889
719 248 112 0.688889
720 249 112 0.689751
721 249 112 0.689751
722 250 112 0.690608
723 250 112 0.690608
724 250 113 0.688705
725 250 113 0.688705
726 251 113 0.689560
727 251 113 0.689560
728 252 113 0.690411
729 252 113 0.690411
730 253 113 0.691257
731 253 113 0.691257
732 254 113 0.692098
733 254 113 0.692098
734 255 113 0.692935
735 255 113 0.692935
736 255 114 0.691057
737 255 114 0.691057
738 256 114 0.691892
739 256 114 0.691892
740 257 114 0.692722
741 257 114 0.692722
742 258 114 0.693548
743 258 114 0.693548
744 259 114 0.694370
745 259 114 0.694370
746 260 114 0.695187
747 260 114 0.695187
748 261 114 0.696000
749 261 114 0.696000
750 262 114 0.696809
751 262 114 0.696809
752 263 114 0.697613
753 263 114 0.697613
754 264 114 0.698413
755 264 114 0.698413
756 264 115 0.696570
757 264 115 0.696570
758 265 115 0.697368
759 265 115 0.697368
760 266 115 0.698163
761 266 115 0.698163
762 267 115 0.698953
763 267 115 0.698953
764 267 116 0.697128
765 267 116 0.697128
766 268 116 0.697917
767 268 116 0.697917
768 269 116 0.698701
769 269 116 0.698701
770 269 117 0.696891
771 269 117 0.696891
772 269 118 0.695090
773 269 118 0.695090
774 269 119 0.693299
775 269 119 0.693299
776 270 119 0.694087
777 270 119 0.694087
778 270 120 0.692308
779 270 120 0.692308
780 271 120 0.693095
781 271 120 0.693095
782 272 120 0.693878
783 272 120 0.693878
784 273 120 0.694656
785 273 120 0.694656
786 274 120 0.695431
787 274 120 0.695431
788 275 120 0.696203
789 275 120 0.696203
790 275 121 0.694444
791 275 121 0.694444
792 276 121 0.695214
793 276 121 0.695214
794 277 121 0.695980
795 277 121 0.695980
796 278 121 0.696742
797 278 121 0.696742
798 279 121 0.697500
799 279 121 0.697500
800 280 121 0.698254
801 280 121 0.698254
802 281 121 0.699005
803 281 121 0.699005
804 282 121 0.699752
805 282 121 0.699752
806 283 121 0.700495
807 283 121 0.700495
808 284 121 0.701235
809 284 121 0.701235
810 285 121 0.701970
811 285 121 0.701970
812 286 121 0.702703
813 286 121 0.702703
814 286 122 0.700980
815 286 122 0.700980
816 287 122 0.701711
817 287 122 0.701711
818 288 122 0.702439
819 288 122 0.702439
820 289 122 0.703163
821 289 122 0.703163
822 290 122 0.703883
823 290 122 0.703883
824 291 122 0.704601
825 291 122 0.704601
826 292 122 0.705314
827 292 122 0.705314
828 293 122 0.706024
829 293 122 0.706024
830 294 122 0.706731
831 294 122 0.706731
832 295 122 0.707434
833 295 122 0.707434
834 296 122 0.708134
835 296 122 0.708134
836 296 123 0.706444
837 296 123 0.706444
838 297 123 0.707143
839 297 123 0.707143
840 297 124 0.705463
841 297 124 0.705463
842 298 124 0.706161
843 298 124 0.706161
844 298 125 0.704492
845 298 125 0.704492
846 299 125 0.705189
847 299 125 0.705189
848 300 125 0.705882
849 300 125 0.705882
850 300 126 0.704225
851 300 126 0.704225
852 301 126 0.704918
853 301 126 0.704918
854 302 126 0.705607
855 302 126 0.705607
856 303 126 0.706294
857 303 126 0.706294
858 304 126 0.706977
859 304 126 0.706977
860 305 126 0.707657
861 305 126 0.707657
862 305 127 0.706019
863 305 127 0.706019
864 306 127 0.706697
865 306 127 0.706697
866 307 127 0.707373
867 307 127 0.707373
868 308 127 0.708046
869 308 127 0.708046
870 309 127 0.708716
871 309 127 0.708716
872 310 127 0.709382
873 310 127 0.709382
874 311 127 0.710046
875 311 127 0.710046
876 311 128 0.708428
877 311 128 0.708428
878 312 128 0.709091
879 312 128 0.709091
880 313 128 0.709751
881 313 128 0.709751
882 313 129 0.708145
883 313 129 0.708145
884 313 130 0.706546
885 313 130 0.706546
886 314 130 0.707207
887 314 130 0.707207
888 315 130 0.707865
889 315 130 0.707865
890 316 130 0.708520
891 316 130 0.708520
892 316 131 0.706935
893 316 131 0.706935
894 316 132 0.705357
895 316 132 0.705357
896 316 133 0.703786
897 316 133 0.703786
898 317 133 0.704444
899 317 133 0.704444
900 318 133 0.705100
901 318 133 0.705100
902 318 134 0.703540
903 318 134 0.703540
904 319 134 0.704194
905 319 134 0.704194
906 319 135 0.702643
907 319 135 0.702643
908 320 135 0.703297
909 320 135 0.703297
910 320 136 0.701754
911 320 136 0.701754
912 321 136 0.702407
913 321 136 0.702407
914 321 137 0.700873
915 321 137 0.700873
916 321 138 0.699346
917 321 138 0.699346
918 322 138 0.700000
919 322 138 0.700000
920 323 138 0.700651
921 323 138 0.700651
922 324 138 0.701299
923 324 138 0.701299
924 324 139 0.699784
925 324 139 0.699784
926 325 139 0.700431
927 325 139 0.700431
928 326 139 0.701075
929 326 139 0.701075
930 327 139 0.701717
931 327 139 0.701717
932 327 140 0.700214
933 327 140 0.700214
934 327 141 0.698718
935 327 141 0.698718
936 327 142 0.697228
937 327 142 0.697228
938 328 142 0.697872
939 328 142 0.697872
940 329 142 0.698514
941 329 142 0.698514
942 329 143 0.697034
943 329 143 0.697034
944 329 144 0.695560
945 329 144 0.695560
946 329 145 0.694093
947 329 145 0.694093
948 330 145 0.694737
949 330 145 0.694737
950 331 145 0.695378
951 331 145 0.695378
952 332 145 0.696017
953 332 145 0.696017
954 332 146 0.694561
955 332 146 0.694561
956 332 147 0.693111
957 332 147 0.693111
958 333 147 0.693750
959 333 147 0.693750
960 333 148 0.692308
961 333 148 0.692308
962 334 148 0.692946
963 334 148 0.692946
964 335 148 0.693582
965 335 148 0.693582
966 336 148 0.694215
967 336 148 0.694215
968 337 148 0.694845
969 337 148 0.694845
970 338 148 0.695473
971 338 148 0.695473
972 339 148 0.696099
973 339 148 0.696099
974 340 148 0.696721
975 340 148 0.696721
976 341 148 0.697342
977 341 148 0.697342
978 341 149 0.695918
979 341 149 0.695918
980 342 149 0.696538
981 342 149 0.696538
982 343 149 0.697154
983 343 149 0.697154
984 344 149 0.697769
985 344 149 0.697769
986 345 149 0.698381
987 345 149 0.698381
988 346 149 0.698990
989 346 149 0.698990
990 347 149 0.699597
991 347 149 0.699597
992 347 150 0.698189
993 347 150 0.698189
994 348 150 0.698795
995 348 150 0.698795
996 349 150 0.699399
997 349 150 0.699399
998 349 151 0.698000
999 349 151 0.698000
1000 350 151 0.698603
1001 350 151 0.698603
1002 351 151 0.699203
1003 351 151 0.699203
1004 351 152 0.697813
1005 351 152 0.697813
1006 352 152 0.698413
1007 352 152 0.698413
1008 353 152 0.699010
1009 353 152 0.699010
1010 354 152 0.699605
1011 354 152 0.699605
1012 354 153 0.698225
1013 354 153 0.698225
1014 354 154 0.696850
1015 354 154 0.696850
1016 355 154 0.697446
1017 355 154 0.697446
1018 355 155 0.696078
1019 355 155 0.696078
1020 356 155 0.696673
1021 356 155 0.696673
1022 356 156 0.695312
1023 356 156 0.695312
1024 356 157 0.693957
1025 356 157 0.693957
1026 357 157 0.694553
1027 357 157 0.694553
1028 357 158 0.693204
1029 357 158 0.693204
1030 358 158 0.693798
1031 358 158 0.693798
1032 359 158 0.694391
1033 359 158 0.694391
1034 360 158 0.694981
1035 360 158 0.694981
1036 361 158 0.695568
1037 361 158 0.695568
1038 361 159 0.694231
1039 361 159 0.694231
1040 362 159 0.694818
1041 362 159 0.694818
1042 362 160 0.693487
1043 362 160 0.693487
1044 363 160 0.694073
1045 363 160 0.694073
1046 364 160 0.694656
1047 364 160 0.694656
1048 364 161 0.693333
1049 364 161 0.693333
1050 365 161 0.693916
1051 365 161 0.693916
1052 366 161 0.694497
1053 366 161 0.694497
1054 367 161 0.695076
1055 367 161 0.695076
1056 368 161 0.695652
1057 368 161 0.695652
1058 369 161 0.696226
1059 369 161 0.696226
1060 370 161 0.696799
1061 370 161 0.696799
1062 370 162 0.695489
1063 370 162 0.695489
1064 371 162 0.696060
1065 371 162 0.696060
1066 372 162 0.696629
1067 372 162 0.696629
1068 372 163 0.695327
1069 372 163 0.695327
1070 373 163 0.695895
1071 373 163 0.695895
1072 374 163 0.696462
1073 374 163 0.696462
1074 374 164 0.695167
1075 374 164 0.695167
1076 375 164 0.695733
1077 375 164 0.695733
1078 376 164 0.696296
1079 376 164 0.696296
1080 377 164 0.696858
1081 377 164 0.696858
1082 378 164 0.697417
1083 378 164 0.697417
1084 378 165 0.696133
1085 378 165 0.696133
1086 379 165 0.696691
1087 379 165 0.696691
1088 380 165 0.697248
1089 380 165 0.697248
1090 380 166 0.695971
1091 380 166 0.695971
1092 381 166 0.696527
1093 381 166 0.696527
1094 382 166 0.697080
1095 382 166 0.697080
1096 383 166 0.697632
1097 383 166 0.697632
1098 384 166 0.698182
1099 384 166 0.698182
1100 384 167 0.696915
1101 384 167 0.696915
1102 384 168 0.695652
1103 384 168 0.695652
1104 385 168 0.696203
1105 385 168 0.696203
1106 386 168 0.696751
1107 386 168 0.696751
1108 387 168 0.697297
1109 387 168 0.697297
1110 387 169 0.696043
1111 387 169 0.696043
1112 388 169 0.696589
1113 388 169 0.696589
1114 389 169 0.697133
1115 389 169 0.697133
1116 389 170 0.695886
1117 389 170 0.695886
1118 390 170 0.696429
1119 390 170 0.696429
1120 390 171 0.695187
1121 390 171 0.695187
1122 391 171 0.695730
1123 391 171 0.695730
1124 392 171 0.696270
1125 392 171 0.696270
1126 393 171 0.696809
1127 393 171 0.696809
1128 394 171 0.697345
1129 394 171 0.697345
1130 395 171 0.697880
1131 395 171 0.697880
1132 396 171 0.698413
1133 396 171 0.698413
1134 397 171 0.698944
1135 397 171 0.698944
1136 398 171 0.699473
1137 398 171 0.699473
1138 398 172 0.698246
1139 398 172 0.698246
1140 398 173 0.697023
1141 398 173 0.697023
1142 399 173 0.697552
1143 399 173 0.697552
1144 400 173 0.698080
1145 400 173 0.698080
1146 401 173 0.698606
1147 401 173 0.698606
1148 402 173 0.699130
1149 402 173 0.699130
1150 403 173 0.699653
1151 403 173 0.699653
1152 404 173 0.700173
1153 404 173 0.700173
1154 405 173 0.700692
1155 405 173 0.700692
1156 406 173 0.701209
1157 406 173 0.701209
1158 406 174 0.700000
1159 406 174 0.700000
1160 407 174 0.700516
1161 407 174 0.700516
1162 407 175 0.699313
1163 407 175 0.699313
1164 407 176 0.698113
1165 407 176 0.698113
1166 408 176 0.698630
1167 408 176 0.698630
1168 409 176 0.699145
1169 409 176 0.699145
1170 410 176 0.699659
1171 410 176 0.699659
1172 410 177 0.698467
1173 410 177 0.698467
1174 411 177 0.698980
1175 411 177 0.698980
1176 412 177 0.699491
1177 412 177 0.699491
1178 412 178 0.698305
1179 412 178 0.698305
1180 413 178 0.698816
1181 413 178 0.698816
1182 414 178 0.699324
1183 414 178 0.699324
1184 415 178 0.699831
1185 415 178 0.699831
1186 416 178 0.700337
1187 416 178 0.700337
1188 417 178 0.700840
1189 417 178 0.700840
1190 417 179 0.699664
1191 417 179 0.699664
1192 418 179 0.700167
1193 418 179 0.700167
1194 419 179 0.700669
1195 419 179 0.700669
1196 419 180 0.699499
1197 419 180 0.699499
1198 419 181 0.698333
1199 419 181 0.698333
1200 419 182 0.697171
1201 419 182 0.697171
1202 420 182 0.697674
1203 420 182 0.697674
1204 421 182 0.698176
1205 421 182 0.698176
1206 422 182 0.698676
1207 422 182 0.698676
1208 423 182 0.699174
1209 423 182 0.699174
1210 424 182 0.699670
1211 424 182 0.699670
1212 425 182 0.700165
1213 425 182 0.700165
1214 426 182 0.700658
1215 426 182 0.700658
1216 427 182 0.701149
1217 427 182 0.701149
1218 428 182 0.701639
1219 428 182 0.701639
1220 428 183 0.700491
1221 428 183 0.700491
1222 429 183 0.700980
1223 429 183 0.700980
1224 430 183 0.701468
1225 430 183 0.701468
1226 430 184 0.700326
1227 430 184 0.700326
1228 430 185 0.699187
1229 430 185 0.699187
1230 431 185 0.699675
1231 431 185 0.699675
1232 432 185 0.700162
1233 432 185 0.700162
1234 433 185 0.700647
1235 433 185 0.700647
1236 433 186 0.699515
1237 433 186 0.699515
1238 434 186 0.700000
1239 434 186 0.700000
1240 435 186 0.700483
1241 435 186 0.700483
1242 436 186 0.700965
1243 436 186 0.700965
1244 437 186 0.701445
1245 437 186 0.701445
1246 438 186 0.701923
1247 438 186 0.701923
1248 439 186 0.702400
1249 439 186 0.702400
1250 440 186 0.702875
1251 440 186 0.702875
1252 441 186 0.703349
1253 441 186 0.703349
1254 442 186 0.703822
1255 442 186 0.703822
1256 443 186 0.704293
1257 443 186 0.704293
1258 444 186 0.704762
1259 444 186 0.704762
1260 445 186 0.705230
1261 445 186 0.705230
1262 446 186 0.705696
1263 446 186 0.705696
1264 446 187 0.704581
1265 446 187 0.704581
1266 447 187 0.705047
1267 447 187 0.705047
1268 448 187 0.705512
1269 448 187 0.705512
1270 449 187 0.705975
1271 449 187 0.705975
1272 450 187 0.706436
1273 450 187 0.706436
1274 451 187 0.706897
1275 451 187 0.706897
1276 451 188 0.705790
1277 451 188 0.705790
1278 452 188 0.706250
1279 452 188 0.706250
1280 453 188 0.706708
1281 453 188 0.706708
1282 454 188 0.707165
1283 454 188 0.707165
1284 454 189 0.706065
1285 454 189 0.706065
1286 455 189 0.706522
1287 455 189 0.706522
1288 455 190 0.705426
1289 455 190 0.705426
1290 456 190 0.705882
1291 456 190 0.705882
1292 457 190 0.706337
1293 457 190 0.706337
1294 458 190 0.706790
1295 458 190 0.706790
1296 459 190 0.707242
1297 459 190 0.707242
1298 459 191 0.706154
1299 459 191 0.706154
1300 460 191 0.706605
1301 460 191 0.706605
1302 460 192 0.705521
1303 460 192 0.705521
1304 460 193 0.704441
1305 460 193 0.704441
1306 461 193 0.704893
1307 461 193 0.704893
1308 462 193 0.705343
1309 462 193 0.705343
1310 463 193 0.705793
1311 463 193 0.705793
1312 464 193 0.706240
1313 464 193 0.706240
1314 465 193 0.706687
1315 465 193 0.706687
1316 465 194 0.705615
1317 465 194 0.705615
1318 466 194 0.706061
1319 466 194 0.706061
1320 467 194 0.706505
1321 467 194 0.706505
1322 468 194 0.706949
1323 468 194 0.706949
1324 469 194 0.707391
1325 469 194 0.707391
1326 470 194 0.707831
1327 470 194 0.707831
1328 471 194 0.708271
1329 471 194 0.708271
1330 472 194 0.708709
1331 472 194 0.708709
1332 473 194 0.709145
1333 473 194 0.709145
1334 474 194 0.709581
1335 474 194 0.709581
1336 475 194 0.710015
1337 475 194 0.710015
1338 476 194 0.710448
1339 476 194 0.710448
1340 477 194 0.710879
1341 477 194 0.710879
1342 478 194 0.711310
1343 478 194 0.711310
1344 479 194 0.711738
1345 479 194 0.711738
1346 480 194 0.712166
1347 480 194 0.712166
1348 481 194 0.712593
1349 481 194 0.712593
1350 482 194 0.713018
1351 482 194 0.713018
1352 483 194 0.713442
1353 483 194 0.713442
1354 483 195 0.712389
1355 483 195 0.712389
1356 484 195 0.712813
1357 484 195 0.712813
1358 485 195 0.713235
1359 485 195 0.713235
1360 485 196 0.712188
1361 485 196 0.712188
1362 486 196 0.712610
1363 486 196 0.712610
1364 487 196 0.713031
1365 487 196 0.713031
1366 488 196 0.713450
1367 488 196 0.713450
1368 489 196 0.713869
1369 489 196 0.713869
1370 490 196 0.714286
1371 490 196 0.714286
1372 491 196 0.714702
1373 491 196 0.714702
1374 491 197 0.713663
1375 491 197 0.713663
1376 492 197 0.714078
1377 492 197 0.714078
1378 493 197 0.714493
1379 493 197 0.714493
1380 494 197 0.714906
1381 494 197 0.714906
1382 494 198 0.713873
1383 494 198 0.713873
1384 494 199 0.712843
1385 494 199 0.712843
1386 495 199 0.713256
1387 495 199 0.713256
1388 496 199 0.713669
1389 496 199 0.713669
1390 497 199 0.714080
1391 497 199 0.714080
1392 498 199 0.714491
1393 498 199 0.714491
1394 499 199 0.714900
1395 499 199 0.714900
1396 499 200 0.713877
1397 499 200 0.713877
1398 499 201 0.712857
1399 499 201 0.712857
1400 499 202 0.711840
1401 499 202 0.711840
1402 500 202 0.712251
1403 500 202 0.712251
1404 501 202 0.712660
1405 501 202 0.712660
1406 502 202 0.713068
1407 502 202 0.713068
1408 502 203 0.712057
1409 502 203 0.712057
1410 503 203 0.712465
1411 503 203 0.712465
1412 504 203 0.712871
1413 504 203 0.712871
1414 504 204 0.711864
1415 504 204 0.711864
1416 505 204 0.712271
