Index,TP,FP,Precision,Recall 
0 0 1 0 0.000000
1 0 1 0 0.000000
2 1 1 0.500000 0.002488
3 1 1 0.500000 0.002488
4 1 2 0.333333 0.002488
5 1 2 0.333333 0.002488
6 2 2 0.500000 0.004975
7 2 2 0.500000 0.004975
8 2 3 0.400000 0.004975
9 2 3 0.400000 0.004975
10 2 4 0.333333 0.004975
11 2 4 0.333333 0.004975
12 3 4 0.428571 0.007463
13 3 4 0.428571 0.007463
14 3 5 0.375000 0.007463
15 3 5 0.375000 0.007463
16 4 5 0.444444 0.009950
17 4 5 0.444444 0.009950
18 4 6 0.400000 0.009950
19 4 6 0.400000 0.009950
20 5 6 0.454545 0.012438
21 5 6 0.454545 0.012438
22 5 7 0.416667 0.012438
23 5 7 0.416667 0.012438
24 5 8 0.384615 0.012438
25 5 8 0.384615 0.012438
26 6 8 0.428571 0.014925
27 6 8 0.428571 0.014925
28 6 9 0.400000 0.014925
29 6 9 0.400000 0.014925
30 6 10 0.375000 0.014925
31 6 10 0.375000 0.014925
32 6 11 0.352941 0.014925
33 6 11 0.352941 0.014925
34 6 12 0.333333 0.014925
35 6 12 0.333333 0.014925
36 7 12 0.368421 0.017413
37 7 12 0.368421 0.017413
38 7 13 0.350000 0.017413
39 7 13 0.350000 0.017413
40 7 14 0.333333 0.017413
41 7 14 0.333333 0.017413
42 8 14 0.363636 0.019900
43 8 14 0.363636 0.019900
44 8 15 0.347826 0.019900
45 8 15 0.347826 0.019900
46 9 15 0.375000 0.022388
47 9 15 0.375000 0.022388
48 9 16 0.360000 0.022388
49 9 16 0.360000 0.022388
50 10 16 0.384615 0.024876
51 10 16 0.384615 0.024876
52 11 16 0.407407 0.027363
53 11 16 0.407407 0.027363
54 12 16 0.428571 0.029851
55 12 16 0.428571 0.029851
56 12 17 0.413793 0.029851
57 12 17 0.413793 0.029851
58 12 18 0.400000 0.029851
59 12 18 0.400000 0.029851
60 13 18 0.419355 0.032338
61 13 18 0.419355 0.032338
62 13 19 0.406250 0.032338
63 13 19 0.406250 0.032338
64 13 20 0.393939 0.032338
65 13 20 0.393939 0.032338
66 13 21 0.382353 0.032338
67 13 21 0.382353 0.032338
68 13 22 0.371429 0.032338
69 13 22 0.371429 0.032338
70 13 23 0.361111 0.032338
71 13 23 0.361111 0.032338
72 13 24 0.351351 0.032338
73 13 24 0.351351 0.032338
74 13 25 0.342105 0.032338
75 13 25 0.342105 0.032338
76 14 25 0.358974 0.034826
77 14 25 0.358974 0.034826
78 15 25 0.375000 0.037313
79 15 25 0.375000 0.037313
80 15 26 0.365854 0.037313
81 15 26 0.365854 0.037313
82 15 27 0.357143 0.037313
83 15 27 0.357143 0.037313
84 16 27 0.372093 0.039801
85 16 27 0.372093 0.039801
86 17 27 0.386364 0.042289
87 17 27 0.386364 0.042289
88 17 28 0.377778 0.042289
89 17 28 0.377778 0.042289
90 17 29 0.369565 0.042289
91 17 29 0.369565 0.042289
92 17 30 0.361702 0.042289
93 17 30 0.361702 0.042289
94 18 30 0.375000 0.044776
95 18 30 0.375000 0.044776
96 19 30 0.387755 0.047264
97 19 30 0.387755 0.047264
98 19 31 0.380000 0.047264
99 19 31 0.380000 0.047264
100 20 31 0.392157 0.049751
101 20 31 0.392157 0.049751
102 20 32 0.384615 0.049751
103 20 32 0.384615 0.049751
104 20 33 0.377358 0.049751
105 20 33 0.377358 0.049751
106 20 34 0.370370 0.049751
107 20 34 0.370370 0.049751
108 21 34 0.381818 0.052239
109 21 34 0.381818 0.052239
110 21 35 0.375000 0.052239
111 21 35 0.375000 0.052239
112 21 36 0.368421 0.052239
113 21 36 0.368421 0.052239
114 22 36 0.379310 0.054726
115 22 36 0.379310 0.054726
116 22 37 0.372881 0.054726
117 22 37 0.372881 0.054726
118 22 38 0.366667 0.054726
119 22 38 0.366667 0.054726
120 23 38 0.377049 0.057214
121 23 38 0.377049 0.057214
122 23 39 0.370968 0.057214
123 23 39 0.370968 0.057214
124 23 40 0.365079 0.057214
125 23 40 0.365079 0.057214
126 24 40 0.375000 0.059701
127 24 40 0.375000 0.059701
128 24 41 0.369231 0.059701
129 24 41 0.369231 0.059701
130 24 42 0.363636 0.059701
131 24 42 0.363636 0.059701
132 25 42 0.373134 0.062189
133 25 42 0.373134 0.062189
134 25 43 0.367647 0.062189
135 25 43 0.367647 0.062189
136 26 43 0.376812 0.064677
137 26 43 0.376812 0.064677
138 27 43 0.385714 0.067164
139 27 43 0.385714 0.067164
140 28 43 0.394366 0.069652
141 28 43 0.394366 0.069652
142 29 43 0.402778 0.072139
143 29 43 0.402778 0.072139
144 30 43 0.410959 0.074627
145 30 43 0.410959 0.074627
146 30 44 0.405405 0.074627
147 30 44 0.405405 0.074627
148 30 45 0.400000 0.074627
149 30 45 0.400000 0.074627
150 30 46 0.394737 0.074627
151 30 46 0.394737 0.074627
152 31 46 0.402597 0.077114
153 31 46 0.402597 0.077114
154 32 46 0.410256 0.079602
155 32 46 0.410256 0.079602
156 33 46 0.417722 0.082090
157 33 46 0.417722 0.082090
158 34 46 0.425000 0.084577
159 34 46 0.425000 0.084577
160 34 47 0.419753 0.084577
161 34 47 0.419753 0.084577
162 34 48 0.414634 0.084577
163 34 48 0.414634 0.084577
164 35 48 0.421687 0.087065
165 35 48 0.421687 0.087065
166 35 49 0.416667 0.087065
167 35 49 0.416667 0.087065
168 35 50 0.411765 0.087065
169 35 50 0.411765 0.087065
170 35 51 0.406977 0.087065
171 35 51 0.406977 0.087065
172 36 51 0.413793 0.089552
173 36 51 0.413793 0.089552
174 37 51 0.420455 0.092040
175 37 51 0.420455 0.092040
176 37 52 0.415730 0.092040
177 37 52 0.415730 0.092040
178 38 52 0.422222 0.094527
179 38 52 0.422222 0.094527
180 39 52 0.428571 0.097015
181 39 52 0.428571 0.097015
182 39 53 0.423913 0.097015
183 39 53 0.423913 0.097015
184 39 54 0.419355 0.097015
185 39 54 0.419355 0.097015
186 40 54 0.425532 0.099502
187 40 54 0.425532 0.099502
188 41 54 0.431579 0.101990
189 41 54 0.431579 0.101990
190 41 55 0.427083 0.101990
191 41 55 0.427083 0.101990
192 42 55 0.432990 0.104478
193 42 55 0.432990 0.104478
194 43 55 0.438776 0.106965
195 43 55 0.438776 0.106965
196 44 55 0.444444 0.109453
197 44 55 0.444444 0.109453
198 45 55 0.450000 0.111940
199 45 55 0.450000 0.111940
200 46 55 0.455446 0.114428
201 46 55 0.455446 0.114428
202 47 55 0.460784 0.116915
203 47 55 0.460784 0.116915
204 48 55 0.466019 0.119403
205 48 55 0.466019 0.119403
206 49 55 0.471154 0.121891
207 49 55 0.471154 0.121891
208 49 56 0.466667 0.121891
209 49 56 0.466667 0.121891
210 50 56 0.471698 0.124378
211 50 56 0.471698 0.124378
212 50 57 0.467290 0.124378
213 50 57 0.467290 0.124378
214 51 57 0.472222 0.126866
215 51 57 0.472222 0.126866
216 51 58 0.467890 0.126866
217 51 58 0.467890 0.126866
218 52 58 0.472727 0.129353
219 52 58 0.472727 0.129353
220 53 58 0.477477 0.131841
221 53 58 0.477477 0.131841
222 54 58 0.482143 0.134328
223 54 58 0.482143 0.134328
224 54 59 0.477876 0.134328
225 54 59 0.477876 0.134328
226 55 59 0.482456 0.136816
227 55 59 0.482456 0.136816
228 56 59 0.486957 0.139303
229 56 59 0.486957 0.139303
230 57 59 0.491379 0.141791
231 57 59 0.491379 0.141791
232 57 60 0.487179 0.141791
233 57 60 0.487179 0.141791
234 58 60 0.491525 0.144279
235 58 60 0.491525 0.144279
236 59 60 0.495798 0.146766
237 59 60 0.495798 0.146766
238 60 60 0.500000 0.149254
239 60 60 0.500000 0.149254
240 61 60 0.504132 0.151741
241 61 60 0.504132 0.151741
242 61 61 0.500000 0.151741
243 61 61 0.500000 0.151741
244 62 61 0.504065 0.154229
245 62 61 0.504065 0.154229
246 63 61 0.508065 0.156716
247 63 61 0.508065 0.156716
248 64 61 0.512000 0.159204
249 64 61 0.512000 0.159204
250 64 62 0.507937 0.159204
251 64 62 0.507937 0.159204
252 65 62 0.511811 0.161692
253 65 62 0.511811 0.161692
254 66 62 0.515625 0.164179
255 66 62 0.515625 0.164179
256 67 62 0.519380 0.166667
257 67 62 0.519380 0.166667
258 68 62 0.523077 0.169154
259 68 62 0.523077 0.169154
260 69 62 0.526718 0.171642
261 69 62 0.526718 0.171642
262 70 62 0.530303 0.174129
263 70 62 0.530303 0.174129
264 71 62 0.533835 0.176617
265 71 62 0.533835 0.176617
266 72 62 0.537313 0.179104
267 72 62 0.537313 0.179104
268 73 62 0.540741 0.181592
269 73 62 0.540741 0.181592
270 74 62 0.544118 0.184080
271 74 62 0.544118 0.184080
272 75 62 0.547445 0.186567
273 75 62 0.547445 0.186567
274 76 62 0.550725 0.189055
275 76 62 0.550725 0.189055
276 77 62 0.553957 0.191542
277 77 62 0.553957 0.191542
278 78 62 0.557143 0.194030
279 78 62 0.557143 0.194030
280 79 62 0.560284 0.196517
281 79 62 0.560284 0.196517
282 79 63 0.556338 0.196517
283 79 63 0.556338 0.196517
284 80 63 0.559441 0.199005
285 80 63 0.559441 0.199005
286 81 63 0.562500 0.201493
287 81 63 0.562500 0.201493
288 82 63 0.565517 0.203980
289 82 63 0.565517 0.203980
290 83 63 0.568493 0.206468
291 83 63 0.568493 0.206468
292 83 64 0.564626 0.206468
293 83 64 0.564626 0.206468
294 84 64 0.567568 0.208955
295 84 64 0.567568 0.208955
296 85 64 0.570470 0.211443
297 85 64 0.570470 0.211443
298 86 64 0.573333 0.213930
299 86 64 0.573333 0.213930
300 87 64 0.576159 0.216418
301 87 64 0.576159 0.216418
302 88 64 0.578947 0.218905
303 88 64 0.578947 0.218905
304 89 64 0.581699 0.221393
305 89 64 0.581699 0.221393
306 89 65 0.577922 0.221393
307 89 65 0.577922 0.221393
308 90 65 0.580645 0.223881
309 90 65 0.580645 0.223881
310 90 66 0.576923 0.223881
311 90 66 0.576923 0.223881
312 91 66 0.579618 0.226368
313 91 66 0.579618 0.226368
314 92 66 0.582278 0.228856
315 92 66 0.582278 0.228856
316 93 66 0.584906 0.231343
317 93 66 0.584906 0.231343
318 94 66 0.587500 0.233831
319 94 66 0.587500 0.233831
320 94 67 0.583851 0.233831
321 94 67 0.583851 0.233831
322 95 67 0.586420 0.236318
323 95 67 0.586420 0.236318
324 96 67 0.588957 0.238806
325 96 67 0.588957 0.238806
326 97 67 0.591463 0.241294
327 97 67 0.591463 0.241294
328 98 67 0.593939 0.243781
329 98 67 0.593939 0.243781
330 98 68 0.590361 0.243781
331 98 68 0.590361 0.243781
332 99 68 0.592814 0.246269
333 99 68 0.592814 0.246269
334 100 68 0.595238 0.248756
335 100 68 0.595238 0.248756
336 101 68 0.597633 0.251244
337 101 68 0.597633 0.251244
338 101 69 0.594118 0.251244
339 101 69 0.594118 0.251244
340 102 69 0.596491 0.253731
341 102 69 0.596491 0.253731
342 103 69 0.598837 0.256219
343 103 69 0.598837 0.256219
344 103 70 0.595376 0.256219
345 103 70 0.595376 0.256219
346 103 71 0.591954 0.256219
347 103 71 0.591954 0.256219
348 104 71 0.594286 0.258706
349 104 71 0.594286 0.258706
350 105 71 0.596591 0.261194
351 105 71 0.596591 0.261194
352 105 72 0.593220 0.261194
353 105 72 0.593220 0.261194
354 106 72 0.595506 0.263682
355 106 72 0.595506 0.263682
356 107 72 0.597765 0.266169
357 107 72 0.597765 0.266169
358 108 72 0.600000 0.268657
359 108 72 0.600000 0.268657
360 109 72 0.602210 0.271144
361 109 72 0.602210 0.271144
362 110 72 0.604396 0.273632
363 110 72 0.604396 0.273632
364 111 72 0.606557 0.276119
365 111 72 0.606557 0.276119
366 112 72 0.608696 0.278607
367 112 72 0.608696 0.278607
368 112 73 0.605405 0.278607
369 112 73 0.605405 0.278607
370 113 73 0.607527 0.281095
371 113 73 0.607527 0.281095
372 114 73 0.609626 0.283582
373 114 73 0.609626 0.283582
374 114 74 0.606383 0.283582
375 114 74 0.606383 0.283582
376 115 74 0.608466 0.286070
377 115 74 0.608466 0.286070
378 115 75 0.605263 0.286070
379 115 75 0.605263 0.286070
380 115 76 0.602094 0.286070
381 115 76 0.602094 0.286070
382 116 76 0.604167 0.288557
383 116 76 0.604167 0.288557
384 116 77 0.601036 0.288557
385 116 77 0.601036 0.288557
386 117 77 0.603093 0.291045
387 117 77 0.603093 0.291045
388 118 77 0.605128 0.293532
389 118 77 0.605128 0.293532
390 119 77 0.607143 0.296020
391 119 77 0.607143 0.296020
392 120 77 0.609137 0.298507
393 120 77 0.609137 0.298507
394 120 78 0.606061 0.298507
395 120 78 0.606061 0.298507
396 121 78 0.608040 0.300995
397 121 78 0.608040 0.300995
398 122 78 0.610000 0.303483
399 122 78 0.610000 0.303483
400 122 79 0.606965 0.303483
401 122 79 0.606965 0.303483
402 122 80 0.603960 0.303483
403 122 80 0.603960 0.303483
404 122 81 0.600985 0.303483
405 122 81 0.600985 0.303483
406 123 81 0.602941 0.305970
407 123 81 0.602941 0.305970
408 124 81 0.604878 0.308458
409 124 81 0.604878 0.308458
410 125 81 0.606796 0.310945
411 125 81 0.606796 0.310945
412 126 81 0.608696 0.313433
413 126 81 0.608696 0.313433
414 127 81 0.610577 0.315920
415 127 81 0.610577 0.315920
416 127 82 0.607656 0.315920
417 127 82 0.607656 0.315920
418 128 82 0.609524 0.318408
419 128 82 0.609524 0.318408
420 129 82 0.611374 0.320896
421 129 82 0.611374 0.320896
422 130 82 0.613208 0.323383
423 130 82 0.613208 0.323383
424 130 83 0.610329 0.323383
425 130 83 0.610329 0.323383
426 131 83 0.612150 0.325871
427 131 83 0.612150 0.325871
428 132 83 0.613953 0.328358
429 132 83 0.613953 0.328358
430 133 83 0.615741 0.330846
431 133 83 0.615741 0.330846
432 134 83 0.617512 0.333333
433 134 83 0.617512 0.333333
434 135 83 0.619266 0.335821
435 135 83 0.619266 0.335821
436 136 83 0.621005 0.338308
437 136 83 0.621005 0.338308
438 137 83 0.622727 0.340796
439 137 83 0.622727 0.340796
440 138 83 0.624434 0.343284
441 138 83 0.624434 0.343284
442 139 83 0.626126 0.345771
443 139 83 0.626126 0.345771
444 140 83 0.627803 0.348259
445 140 83 0.627803 0.348259
446 141 83 0.629464 0.350746
447 141 83 0.629464 0.350746
448 142 83 0.631111 0.353234
449 142 83 0.631111 0.353234
450 143 83 0.632743 0.355721
451 143 83 0.632743 0.355721
452 144 83 0.634361 0.358209
453 144 83 0.634361 0.358209
454 145 83 0.635965 0.360697
455 145 83 0.635965 0.360697
456 146 83 0.637555 0.363184
457 146 83 0.637555 0.363184
458 147 83 0.639130 0.365672
459 147 83 0.639130 0.365672
460 148 83 0.640693 0.368159
461 148 83 0.640693 0.368159
462 149 83 0.642241 0.370647
463 149 83 0.642241 0.370647
464 150 83 0.643777 0.373134
465 150 83 0.643777 0.373134
466 151 83 0.645299 0.375622
467 151 83 0.645299 0.375622
468 151 84 0.642553 0.375622
469 151 84 0.642553 0.375622
470 152 84 0.644068 0.378109
471 152 84 0.644068 0.378109
472 153 84 0.645570 0.380597
473 153 84 0.645570 0.380597
474 153 85 0.642857 0.380597
475 153 85 0.642857 0.380597
476 154 85 0.644351 0.383085
477 154 85 0.644351 0.383085
478 155 85 0.645833 0.385572
479 155 85 0.645833 0.385572
480 156 85 0.647303 0.388060
481 156 85 0.647303 0.388060
482 156 86 0.644628 0.388060
483 156 86 0.644628 0.388060
484 157 86 0.646091 0.390547
485 157 86 0.646091 0.390547
486 158 86 0.647541 0.393035
487 158 86 0.647541 0.393035
488 159 86 0.648980 0.395522
489 159 86 0.648980 0.395522
490 159 87 0.646341 0.395522
491 159 87 0.646341 0.395522
492 160 87 0.647773 0.398010
493 160 87 0.647773 0.398010
494 161 87 0.649194 0.400498
495 161 87 0.649194 0.400498
496 162 87 0.650602 0.402985
497 162 87 0.650602 0.402985
498 163 87 0.652000 0.405473
499 163 87 0.652000 0.405473
500 164 87 0.653386 0.407960
501 164 87 0.653386 0.407960
502 165 87 0.654762 0.410448
503 165 87 0.654762 0.410448
504 166 87 0.656126 0.412935
505 166 87 0.656126 0.412935
506 167 87 0.657480 0.415423
507 167 87 0.657480 0.415423
508 168 87 0.658824 0.417910
509 168 87 0.658824 0.417910
510 168 88 0.656250 0.417910
511 168 88 0.656250 0.417910
512 169 88 0.657588 0.420398
513 169 88 0.657588 0.420398
514 170 88 0.658915 0.422886
515 170 88 0.658915 0.422886
516 171 88 0.660232 0.425373
517 171 88 0.660232 0.425373
518 172 88 0.661538 0.427861
519 172 88 0.661538 0.427861
520 173 88 0.662835 0.430348
521 173 88 0.662835 0.430348
522 174 88 0.664122 0.432836
523 174 88 0.664122 0.432836
524 175 88 0.665399 0.435323
525 175 88 0.665399 0.435323
526 175 89 0.662879 0.435323
527 175 89 0.662879 0.435323
528 176 89 0.664151 0.437811
529 176 89 0.664151 0.437811
530 177 89 0.665414 0.440298
531 177 89 0.665414 0.440298
532 178 89 0.666667 0.442786
533 178 89 0.666667 0.442786
534 178 90 0.664179 0.442786
535 178 90 0.664179 0.442786
536 178 91 0.661710 0.442786
537 178 91 0.661710 0.442786
538 179 91 0.662963 0.445274
539 179 91 0.662963 0.445274
540 180 91 0.664207 0.447761
541 180 91 0.664207 0.447761
542 180 92 0.661765 0.447761
543 180 92 0.661765 0.447761
544 181 92 0.663004 0.450249
545 181 92 0.663004 0.450249
546 181 93 0.660584 0.450249
547 181 93 0.660584 0.450249
548 182 93 0.661818 0.452736
549 182 93 0.661818 0.452736
550 182 94 0.659420 0.452736
551 182 94 0.659420 0.452736
552 183 94 0.660650 0.455224
553 183 94 0.660650 0.455224
554 183 95 0.658273 0.455224
555 183 95 0.658273 0.455224
556 183 96 0.655914 0.455224
557 183 96 0.655914 0.455224
558 184 96 0.657143 0.457711
559 184 96 0.657143 0.457711
560 184 97 0.654804 0.457711
561 184 97 0.654804 0.457711
562 185 97 0.656028 0.460199
563 185 97 0.656028 0.460199
564 186 97 0.657244 0.462687
565 186 97 0.657244 0.462687
566 186 98 0.654930 0.462687
567 186 98 0.654930 0.462687
568 187 98 0.656140 0.465174
569 187 98 0.656140 0.465174
570 188 98 0.657343 0.467662
571 188 98 0.657343 0.467662
572 189 98 0.658537 0.470149
573 189 98 0.658537 0.470149
574 190 98 0.659722 0.472637
575 190 98 0.659722 0.472637
576 190 99 0.657439 0.472637
577 190 99 0.657439 0.472637
578 191 99 0.658621 0.475124
579 191 99 0.658621 0.475124
580 192 99 0.659794 0.477612
581 192 99 0.659794 0.477612
582 193 99 0.660959 0.480099
583 193 99 0.660959 0.480099
584 194 99 0.662116 0.482587
585 194 99 0.662116 0.482587
586 195 99 0.663265 0.485075
587 195 99 0.663265 0.485075
588 196 99 0.664407 0.487562
589 196 99 0.664407 0.487562
590 196 100 0.662162 0.487562
591 196 100 0.662162 0.487562
592 196 101 0.659933 0.487562
593 196 101 0.659933 0.487562
594 197 101 0.661074 0.490050
595 197 101 0.661074 0.490050
596 198 101 0.662207 0.492537
597 198 101 0.662207 0.492537
598 198 102 0.660000 0.492537
599 198 102 0.660000 0.492537
600 199 102 0.661130 0.495025
601 199 102 0.661130 0.495025
602 200 102 0.662252 0.497512
603 200 102 0.662252 0.497512
604 201 102 0.663366 0.500000
605 201 102 0.663366 0.500000
606 202 102 0.664474 0.502488
607 202 102 0.664474 0.502488
608 203 102 0.665574 0.504975
609 203 102 0.665574 0.504975
610 204 102 0.666667 0.507463
611 204 102 0.666667 0.507463
612 204 103 0.664495 0.507463
613 204 103 0.664495 0.507463
614 204 104 0.662338 0.507463
615 204 104 0.662338 0.507463
616 205 104 0.663430 0.509950
617 205 104 0.663430 0.509950
618 206 104 0.664516 0.512438
619 206 104 0.664516 0.512438
620 206 105 0.662379 0.512438
621 206 105 0.662379 0.512438
622 207 105 0.663462 0.514925
623 207 105 0.663462 0.514925
624 208 105 0.664537 0.517413
625 208 105 0.664537 0.517413
626 209 105 0.665605 0.519901
627 209 105 0.665605 0.519901
628 210 105 0.666667 0.522388
629 210 105 0.666667 0.522388
630 211 105 0.667722 0.524876
631 211 105 0.667722 0.524876
632 212 105 0.668770 0.527363
633 212 105 0.668770 0.527363
634 213 105 0.669811 0.529851
635 213 105 0.669811 0.529851
636 214 105 0.670846 0.532338
637 214 105 0.670846 0.532338
638 215 105 0.671875 0.534826
639 215 105 0.671875 0.534826
640 216 105 0.672897 0.537313
641 216 105 0.672897 0.537313
642 216 106 0.670807 0.537313
643 216 106 0.670807 0.537313
644 216 107 0.668731 0.537313
645 216 107 0.668731 0.537313
646 217 107 0.669753 0.539801
647 217 107 0.669753 0.539801
648 218 107 0.670769 0.542289
649 218 107 0.670769 0.542289
650 219 107 0.671779 0.544776
651 219 107 0.671779 0.544776
652 220 107 0.672783 0.547264
653 220 107 0.672783 0.547264
654 221 107 0.673781 0.549751
655 221 107 0.673781 0.549751
656 221 108 0.671733 0.549751
657 221 108 0.671733 0.549751
658 221 109 0.669697 0.549751
659 221 109 0.669697 0.549751
660 221 110 0.667674 0.549751
661 221 110 0.667674 0.549751
662 222 110 0.668675 0.552239
663 222 110 0.668675 0.552239
664 223 110 0.669670 0.554726
665 223 110 0.669670 0.554726
666 223 111 0.667665 0.554726
667 223 111 0.667665 0.554726
668 224 111 0.668657 0.557214
669 224 111 0.668657 0.557214
670 224 112 0.666667 0.557214
671 224 112 0.666667 0.557214
672 224 113 0.664688 0.557214
673 224 113 0.664688 0.557214
674 225 113 0.665680 0.559702
675 225 113 0.665680 0.559702
676 225 114 0.663717 0.559702
677 225 114 0.663717 0.559702
678 226 114 0.664706 0.562189
679 226 114 0.664706 0.562189
680 227 114 0.665689 0.564677
681 227 114 0.665689 0.564677
682 228 114 0.666667 0.567164
683 228 114 0.666667 0.567164
684 228 115 0.664723 0.567164
685 228 115 0.664723 0.567164
686 229 115 0.665698 0.569652
687 229 115 0.665698 0.569652
688 230 115 0.666667 0.572139
689 230 115 0.666667 0.572139
690 230 116 0.664740 0.572139
691 230 116 0.664740 0.572139
692 230 117 0.662824 0.572139
693 230 117 0.662824 0.572139
694 231 117 0.663793 0.574627
695 231 117 0.663793 0.574627
696 232 117 0.664756 0.577114
697 232 117 0.664756 0.577114
698 233 117 0.665714 0.579602
699 233 117 0.665714 0.579602
700 234 117 0.666667 0.582090
701 234 117 0.666667 0.582090
702 235 117 0.667614 0.584577
703 235 117 0.667614 0.584577
704 236 117 0.668555 0.587065
705 236 117 0.668555 0.587065
706 237 117 0.669492 0.589552
707 237 117 0.669492 0.589552
708 238 117 0.670423 0.592040
709 238 117 0.670423 0.592040
710 239 117 0.671348 0.594527
711 239 117 0.671348 0.594527
712 239 118 0.669468 0.594527
713 239 118 0.669468 0.594527
714 239 119 0.667598 0.594527
715 239 119 0.667598 0.594527
716 240 119 0.668524 0.597015
717 240 119 0.668524 0.597015
718 240 120 0.666667 0.597015
719 240 120 0.666667 0.597015
720 241 120 0.667590 0.599503
721 241 120 0.667590 0.599503
722 242 120 0.668508 0.601990
723 242 120 0.668508 0.601990
724 243 120 0.669421 0.604478
725 243 120 0.669421 0.604478
726 244 120 0.670330 0.606965
727 244 120 0.670330 0.606965
728 245 120 0.671233 0.609453
729 245 120 0.671233 0.609453
730 245 121 0.669399 0.609453
731 245 121 0.669399 0.609453
732 246 121 0.670300 0.611940
733 246 121 0.670300 0.611940
734 247 121 0.671196 0.614428
735 247 121 0.671196 0.614428
736 248 121 0.672087 0.616915
737 248 121 0.672087 0.616915
738 249 121 0.672973 0.619403
739 249 121 0.672973 0.619403
740 250 121 0.673854 0.621891
741 250 121 0.673854 0.621891
742 250 122 0.672043 0.621891
743 250 122 0.672043 0.621891
744 250 123 0.670241 0.621891
745 250 123 0.670241 0.621891
746 250 124 0.668449 0.621891
747 250 124 0.668449 0.621891
748 251 124 0.669333 0.624378
749 251 124 0.669333 0.624378
750 252 124 0.670213 0.626866
751 252 124 0.670213 0.626866
752 252 125 0.668435 0.626866
753 252 125 0.668435 0.626866
754 253 125 0.669312 0.629353
755 253 125 0.669312 0.629353
756 254 125 0.670185 0.631841
757 254 125 0.670185 0.631841
758 254 126 0.668421 0.631841
759 254 126 0.668421 0.631841
760 255 126 0.669291 0.634328
761 255 126 0.669291 0.634328
762 256 126 0.670157 0.636816
763 256 126 0.670157 0.636816
764 257 126 0.671018 0.639304
765 257 126 0.671018 0.639304
766 258 126 0.671875 0.641791
767 258 126 0.671875 0.641791
768 258 127 0.670130 0.641791
769 258 127 0.670130 0.641791
770 258 128 0.668394 0.641791
771 258 128 0.668394 0.641791
772 259 128 0.669251 0.644279
773 259 128 0.669251 0.644279
774 260 128 0.670103 0.646766
775 260 128 0.670103 0.646766
776 261 128 0.670951 0.649254
777 261 128 0.670951 0.649254
778 262 128 0.671795 0.651741
779 262 128 0.671795 0.651741
780 263 128 0.672634 0.654229
781 263 128 0.672634 0.654229
782 264 128 0.673469 0.656716
783 264 128 0.673469 0.656716
784 265 128 0.674300 0.659204
785 265 128 0.674300 0.659204
786 266 128 0.675127 0.661692
787 266 128 0.675127 0.661692
788 267 128 0.675949 0.664179
789 267 128 0.675949 0.664179
790 268 128 0.676768 0.666667
791 268 128 0.676768 0.666667
792 269 128 0.677582 0.669154
793 269 128 0.677582 0.669154
794 270 128 0.678392 0.671642
795 270 128 0.678392 0.671642
796 271 128 0.679198 0.674129
797 271 128 0.679198 0.674129
798 272 128 0.680000 0.676617
799 272 128 0.680000 0.676617
800 273 128 0.680798 0.679105
801 273 128 0.680798 0.679105
802 274 128 0.681592 0.681592
803 274 128 0.681592 0.681592
804 275 128 0.682382 0.684080
805 275 128 0.682382 0.684080
806 276 128 0.683168 0.686567
807 276 128 0.683168 0.686567
808 277 128 0.683951 0.689055
809 277 128 0.683951 0.689055
810 278 128 0.684729 0.691542
811 278 128 0.684729 0.691542
812 279 128 0.685504 0.694030
813 279 128 0.685504 0.694030
814 280 128 0.686275 0.696517
815 280 128 0.686275 0.696517
816 280 129 0.684597 0.696517
817 280 129 0.684597 0.696517
818 281 129 0.685366 0.699005
819 281 129 0.685366 0.699005
820 282 129 0.686131 0.701493
821 282 129 0.686131 0.701493
822 283 129 0.686893 0.703980
823 283 129 0.686893 0.703980
824 284 129 0.687651 0.706468
825 284 129 0.687651 0.706468
826 285 129 0.688406 0.708955
827 285 129 0.688406 0.708955
828 286 129 0.689157 0.711443
829 286 129 0.689157 0.711443
830 287 129 0.689904 0.713930
831 287 129 0.689904 0.713930
832 288 129 0.690647 0.716418
833 288 129 0.690647 0.716418
834 289 129 0.691388 0.718905
835 289 129 0.691388 0.718905
836 290 129 0.692124 0.721393
837 290 129 0.692124 0.721393
838 290 130 0.690476 0.721393
839 290 130 0.690476 0.721393
840 290 131 0.688836 0.721393
841 290 131 0.688836 0.721393
842 290 132 0.687204 0.721393
843 290 132 0.687204 0.721393
844 291 132 0.687943 0.723881
845 291 132 0.687943 0.723881
846 292 132 0.688679 0.726368
847 292 132 0.688679 0.726368
848 293 132 0.689412 0.728856
849 293 132 0.689412 0.728856
850 294 132 0.690141 0.731343
851 294 132 0.690141 0.731343
852 295 132 0.690867 0.733831
853 295 132 0.690867 0.733831
854 296 132 0.691589 0.736318
855 296 132 0.691589 0.736318
856 297 132 0.692308 0.738806
857 297 132 0.692308 0.738806
858 298 132 0.693023 0.741294
859 298 132 0.693023 0.741294
860 299 132 0.693735 0.743781
861 299 132 0.693735 0.743781
862 300 132 0.694444 0.746269
863 300 132 0.694444 0.746269
864 301 132 0.695150 0.748756
865 301 132 0.695150 0.748756
866 301 133 0.693548 0.748756
867 301 133 0.693548 0.748756
868 302 133 0.694253 0.751244
869 302 133 0.694253 0.751244
870 302 133 0.694253 0.751244
871 302 133 0.694253 0.751244
872 302 133 0.694253 0.751244
873 302 133 0.694253 0.751244
874 302 133 0.694253 0.751244
875 302 133 0.694253 0.751244
876 302 133 0.694253 0.751244
877 302 133 0.694253 0.751244
878 302 133 0.694253 0.751244
879 302 133 0.694253 0.751244
880 302 133 0.694253 0.751244
881 302 133 0.694253 0.751244
882 302 133 0.694253 0.751244
883 302 133 0.694253 0.751244
884 302 133 0.694253 0.751244
885 302 133 0.694253 0.751244
886 302 133 0.694253 0.751244
887 302 133 0.694253 0.751244
888 302 133 0.694253 0.751244
889 302 133 0.694253 0.751244
890 302 133 0.694253 0.751244
891 302 133 0.694253 0.751244
892 302 133 0.694253 0.751244
893 302 133 0.694253 0.751244
894 302 133 0.694253 0.751244
895 302 133 0.694253 0.751244
896 302 133 0.694253 0.751244
897 302 133 0.694253 0.751244
898 302 133 0.694253 0.751244
899 302 133 0.694253 0.751244
900 302 133 0.694253 0.751244
901 302 133 0.694253 0.751244
902 302 133 0.694253 0.751244
903 302 133 0.694253 0.751244
904 302 133 0.694253 0.751244
905 302 133 0.694253 0.751244
906 302 133 0.694253 0.751244
907 302 133 0.694253 0.751244
908 302 133 0.694253 0.751244
909 302 133 0.694253 0.751244
910 302 133 0.694253 0.751244
911 302 133 0.694253 0.751244
912 302 133 0.694253 0.751244
913 302 133 0.694253 0.751244
914 302 133 0.694253 0.751244
915 302 133 0.694253 0.751244
916 302 133 0.694253 0.751244
917 302 133 0.694253 0.751244
918 302 133 0.694253 0.751244
919 302 133 0.694253 0.751244
920 302 133 0.694253 0.751244
921 302 133 0.694253 0.751244
922 302 133 0.694253 0.751244
923 302 133 0.694253 0.751244
924 302 133 0.694253 0.751244
925 302 133 0.694253 0.751244
926 302 133 0.694253 0.751244
927 302 133 0.694253 0.751244
928 302 133 0.694253 0.751244
929 302 133 0.694253 0.751244
930 302 133 0.694253 0.751244
931 302 133 0.694253 0.751244
932 302 133 0.694253 0.751244
933 302 133 0.694253 0.751244
934 302 133 0.694253 0.751244
935 302 133 0.694253 0.751244
936 302 133 0.694253 0.751244
937 302 133 0.694253 0.751244
938 302 133 0.694253 0.751244
939 302 133 0.694253 0.751244
940 302 133 0.694253 0.751244
941 302 133 0.694253 0.751244
942 302 133 0.694253 0.751244
943 302 133 0.694253 0.751244
944 302 133 0.694253 0.751244
945 302 133 0.694253 0.751244
946 302 133 0.694253 0.751244
947 302 133 0.694253 0.751244
948 302 133 0.694253 0.751244
949 302 133 0.694253 0.751244
950 302 133 0.694253 0.751244
951 302 133 0.694253 0.751244
952 302 133 0.694253 0.751244
953 302 133 0.694253 0.751244
954 302 133 0.694253 0.751244
955 302 133 0.694253 0.751244
956 302 133 0.694253 0.751244
957 302 133 0.694253 0.751244
958 302 133 0.694253 0.751244
959 302 133 0.694253 0.751244
960 302 133 0.694253 0.751244
961 302 133 0.694253 0.751244
962 302 133 0.694253 0.751244
963 302 133 0.694253 0.751244
964 302 133 0.694253 0.751244
965 302 133 0.694253 0.751244
966 302 133 0.694253 0.751244
967 302 133 0.694253 0.751244
968 302 133 0.694253 0.751244
969 302 133 0.694253 0.751244
970 302 133 0.694253 0.751244
971 302 133 0.694253 0.751244
972 302 133 0.694253 0.751244
973 302 133 0.694253 0.751244
974 302 133 0.694253 0.751244
975 302 133 0.694253 0.751244
976 302 133 0.694253 0.751244
977 302 133 0.694253 0.751244
978 302 133 0.694253 0.751244
979 302 133 0.694253 0.751244
980 302 133 0.694253 0.751244
981 302 133 0.694253 0.751244
982 302 133 0.694253 0.751244
983 302 133 0.694253 0.751244
984 302 133 0.694253 0.751244
985 302 133 0.694253 0.751244
986 302 133 0.694253 0.751244
987 302 133 0.694253 0.751244
988 302 133 0.694253 0.751244
989 302 133 0.694253 0.751244
990 302 133 0.694253 0.751244
991 302 133 0.694253 0.751244
992 302 133 0.694253 0.751244
993 302 133 0.694253 0.751244
994 302 133 0.694253 0.751244
995 302 133 0.694253 0.751244
996 302 133 0.694253 0.751244
997 302 133 0.694253 0.751244
998 302 133 0.694253 0.751244
999 302 133 0.694253 0.751244
1000 302 133 0.694253 0.751244
1001 302 133 0.694253 0.751244
1002 302 133 0.694253 0.751244
1003 302 133 0.694253 0.751244
1004 302 133 0.694253 0.751244
1005 302 133 0.694253 0.751244
1006 302 133 0.694253 0.751244
1007 302 133 0.694253 0.751244
1008 302 133 0.694253 0.751244
1009 302 133 0.694253 0.751244
1010 302 133 0.694253 0.751244
1011 302 133 0.694253 0.751244
1012 302 133 0.694253 0.751244
1013 302 133 0.694253 0.751244
1014 302 133 0.694253 0.751244
1015 302 133 0.694253 0.751244
1016 302 133 0.694253 0.751244
1017 302 133 0.694253 0.751244
1018 302 133 0.694253 0.751244
1019 302 133 0.694253 0.751244
1020 302 133 0.694253 0.751244
1021 302 133 0.694253 0.751244
1022 302 133 0.694253 0.751244
1023 302 133 0.694253 0.751244
1024 302 133 0.694253 0.751244
1025 302 133 0.694253 0.751244
1026 302 133 0.694253 0.751244
1027 302 133 0.694253 0.751244
1028 302 133 0.694253 0.751244
1029 302 133 0.694253 0.751244
1030 302 133 0.694253 0.751244
1031 302 133 0.694253 0.751244
1032 302 133 0.694253 0.751244
1033 302 133 0.694253 0.751244
1034 302 133 0.694253 0.751244
1035 302 133 0.694253 0.751244
1036 302 133 0.694253 0.751244
1037 302 133 0.694253 0.751244
1038 302 133 0.694253 0.751244
1039 302 133 0.694253 0.751244
1040 302 133 0.694253 0.751244
1041 302 133 0.694253 0.751244
1042 302 133 0.694253 0.751244
1043 302 133 0.694253 0.751244
1044 302 133 0.694253 0.751244
1045 302 133 0.694253 0.751244
1046 302 133 0.694253 0.751244
1047 302 133 0.694253 0.751244
1048 302 133 0.694253 0.751244
1049 302 133 0.694253 0.751244
1050 302 133 0.694253 0.751244
1051 302 133 0.694253 0.751244
1052 302 133 0.694253 0.751244
1053 302 133 0.694253 0.751244
1054 302 133 0.694253 0.751244
1055 302 133 0.694253 0.751244
1056 302 133 0.694253 0.751244
1057 302 133 0.694253 0.751244
1058 302 133 0.694253 0.751244
1059 302 133 0.694253 0.751244
1060 302 133 0.694253 0.751244
1061 302 133 0.694253 0.751244
1062 302 133 0.694253 0.751244
1063 302 133 0.694253 0.751244
1064 302 133 0.694253 0.751244
1065 302 133 0.694253 0.751244
1066 302 133 0.694253 0.751244
1067 302 133 0.694253 0.751244
1068 302 133 0.694253 0.751244
1069 302 133 0.694253 0.751244
1070 302 133 0.694253 0.751244
1071 302 133 0.694253 0.751244
1072 302 133 0.694253 0.751244
1073 302 133 0.694253 0.751244
1074 302 133 0.694253 0.751244
1075 302 133 0.694253 0.751244
1076 302 133 0.694253 0.751244
1077 302 133 0.694253 0.751244
1078 302 133 0.694253 0.751244
1079 302 133 0.694253 0.751244
1080 302 133 0.694253 0.751244
1081 302 133 0.694253 0.751244
1082 302 133 0.694253 0.751244
1083 302 133 0.694253 0.751244
1084 302 133 0.694253 0.751244
1085 302 133 0.694253 0.751244
1086 302 133 0.694253 0.751244
1087 302 133 0.694253 0.751244
1088 302 133 0.694253 0.751244
1089 302 133 0.694253 0.751244
1090 302 133 0.694253 0.751244
1091 302 133 0.694253 0.751244
1092 302 133 0.694253 0.751244
1093 302 133 0.694253 0.751244
1094 302 133 0.694253 0.751244
1095 302 133 0.694253 0.751244
1096 302 133 0.694253 0.751244
1097 302 133 0.694253 0.751244
1098 302 133 0.694253 0.751244
1099 302 133 0.694253 0.751244
1100 302 133 0.694253 0.751244
1101 302 133 0.694253 0.751244
1102 302 133 0.694253 0.751244
1103 302 133 0.694253 0.751244
1104 302 133 0.694253 0.751244
1105 302 133 0.694253 0.751244
1106 302 133 0.694253 0.751244
1107 302 133 0.694253 0.751244
1108 302 133 0.694253 0.751244
1109 302 133 0.694253 0.751244
1110 302 133 0.694253 0.751244
1111 302 133 0.694253 0.751244
1112 302 133 0.694253 0.751244
1113 302 133 0.694253 0.751244
1114 302 133 0.694253 0.751244
1115 302 133 0.694253 0.751244
1116 302 133 0.694253 0.751244
1117 302 133 0.694253 0.751244
1118 302 133 0.694253 0.751244
1119 302 133 0.694253 0.751244
1120 302 133 0.694253 0.751244
1121 302 133 0.694253 0.751244
1122 302 133 0.694253 0.751244
1123 302 133 0.694253 0.751244
1124 302 133 0.694253 0.751244
1125 302 133 0.694253 0.751244
1126 302 133 0.694253 0.751244
1127 302 133 0.694253 0.751244
1128 302 133 0.694253 0.751244
1129 302 133 0.694253 0.751244
1130 302 133 0.694253 0.751244
1131 302 133 0.694253 0.751244
1132 302 133 0.694253 0.751244
