Index,TP,FP,Precision,Recall 
0 0 1 0 0.000000
1 0 1 0 0.000000
2 0 2 0 0.000000
3 0 2 0 0.000000
4 0 3 0 0.000000
5 0 3 0 0.000000
6 1 3 0.250000 0.003584
7 1 3 0.250000 0.003584
8 1 4 0.200000 0.003584
9 1 4 0.200000 0.003584
10 1 5 0.166667 0.003584
11 1 5 0.166667 0.003584
12 1 6 0.142857 0.003584
13 1 6 0.142857 0.003584
14 1 7 0.125000 0.003584
15 1 7 0.125000 0.003584
16 2 7 0.222222 0.007168
17 2 7 0.222222 0.007168
18 2 8 0.200000 0.007168
19 2 8 0.200000 0.007168
20 3 8 0.272727 0.010753
21 3 8 0.272727 0.010753
22 3 9 0.250000 0.010753
23 3 9 0.250000 0.010753
24 3 10 0.230769 0.010753
25 3 10 0.230769 0.010753
26 3 11 0.214286 0.010753
27 3 11 0.214286 0.010753
28 3 12 0.200000 0.010753
29 3 12 0.200000 0.010753
30 3 13 0.187500 0.010753
31 3 13 0.187500 0.010753
32 3 14 0.176471 0.010753
33 3 14 0.176471 0.010753
34 3 15 0.166667 0.010753
35 3 15 0.166667 0.010753
36 4 15 0.210526 0.014337
37 4 15 0.210526 0.014337
38 4 16 0.200000 0.014337
39 4 16 0.200000 0.014337
40 4 17 0.190476 0.014337
41 4 17 0.190476 0.014337
42 5 17 0.227273 0.017921
43 5 17 0.227273 0.017921
44 5 18 0.217391 0.017921
45 5 18 0.217391 0.017921
46 5 19 0.208333 0.017921
47 5 19 0.208333 0.017921
48 5 20 0.200000 0.017921
49 5 20 0.200000 0.017921
50 6 20 0.230769 0.021505
51 6 20 0.230769 0.021505
52 7 20 0.259259 0.025090
53 7 20 0.259259 0.025090
54 8 20 0.285714 0.028674
55 8 20 0.285714 0.028674
56 8 21 0.275862 0.028674
57 8 21 0.275862 0.028674
58 8 22 0.266667 0.028674
59 8 22 0.266667 0.028674
60 9 22 0.290323 0.032258
61 9 22 0.290323 0.032258
62 9 23 0.281250 0.032258
63 9 23 0.281250 0.032258
64 9 24 0.272727 0.032258
65 9 24 0.272727 0.032258
66 9 25 0.264706 0.032258
67 9 25 0.264706 0.032258
68 9 26 0.257143 0.032258
69 9 26 0.257143 0.032258
70 9 27 0.250000 0.032258
71 9 27 0.250000 0.032258
72 9 28 0.243243 0.032258
73 9 28 0.243243 0.032258
74 9 29 0.236842 0.032258
75 9 29 0.236842 0.032258
76 10 29 0.256410 0.035842
77 10 29 0.256410 0.035842
78 11 29 0.275000 0.039427
79 11 29 0.275000 0.039427
80 11 30 0.268293 0.039427
81 11 30 0.268293 0.039427
82 11 31 0.261905 0.039427
83 11 31 0.261905 0.039427
84 12 31 0.279070 0.043011
85 12 31 0.279070 0.043011
86 12 32 0.272727 0.043011
87 12 32 0.272727 0.043011
88 12 33 0.266667 0.043011
89 12 33 0.266667 0.043011
90 12 34 0.260870 0.043011
91 12 34 0.260870 0.043011
92 12 35 0.255319 0.043011
93 12 35 0.255319 0.043011
94 12 36 0.250000 0.043011
95 12 36 0.250000 0.043011
96 13 36 0.265306 0.046595
97 13 36 0.265306 0.046595
98 13 37 0.260000 0.046595
99 13 37 0.260000 0.046595
100 14 37 0.274510 0.050179
101 14 37 0.274510 0.050179
102 14 38 0.269231 0.050179
103 14 38 0.269231 0.050179
104 14 39 0.264151 0.050179
105 14 39 0.264151 0.050179
106 14 40 0.259259 0.050179
107 14 40 0.259259 0.050179
108 14 41 0.254545 0.050179
109 14 41 0.254545 0.050179
110 15 41 0.267857 0.053763
111 15 41 0.267857 0.053763
112 15 42 0.263158 0.053763
113 15 42 0.263158 0.053763
114 15 43 0.258621 0.053763
115 15 43 0.258621 0.053763
116 15 44 0.254237 0.053763
117 15 44 0.254237 0.053763
118 15 45 0.250000 0.053763
119 15 45 0.250000 0.053763
120 15 46 0.245902 0.053763
121 15 46 0.245902 0.053763
122 15 47 0.241935 0.053763
123 15 47 0.241935 0.053763
124 15 48 0.238095 0.053763
125 15 48 0.238095 0.053763
126 15 49 0.234375 0.053763
127 15 49 0.234375 0.053763
128 15 50 0.230769 0.053763
129 15 50 0.230769 0.053763
130 15 51 0.227273 0.053763
131 15 51 0.227273 0.053763
132 16 51 0.238806 0.057348
133 16 51 0.238806 0.057348
134 16 52 0.235294 0.057348
135 16 52 0.235294 0.057348
136 17 52 0.246377 0.060932
137 17 52 0.246377 0.060932
138 18 52 0.257143 0.064516
139 18 52 0.257143 0.064516
140 19 52 0.267606 0.068100
141 19 52 0.267606 0.068100
142 20 52 0.277778 0.071685
143 20 52 0.277778 0.071685
144 20 53 0.273973 0.071685
145 20 53 0.273973 0.071685
146 20 54 0.270270 0.071685
147 20 54 0.270270 0.071685
148 20 55 0.266667 0.071685
149 20 55 0.266667 0.071685
150 20 56 0.263158 0.071685
151 20 56 0.263158 0.071685
152 21 56 0.272727 0.075269
153 21 56 0.272727 0.075269
154 21 57 0.269231 0.075269
155 21 57 0.269231 0.075269
156 21 58 0.265823 0.075269
157 21 58 0.265823 0.075269
158 22 58 0.275000 0.078853
159 22 58 0.275000 0.078853
160 22 59 0.271605 0.078853
161 22 59 0.271605 0.078853
162 22 60 0.268293 0.078853
163 22 60 0.268293 0.078853
164 23 60 0.277108 0.082437
165 23 60 0.277108 0.082437
166 23 61 0.273810 0.082437
167 23 61 0.273810 0.082437
168 23 62 0.270588 0.082437
169 23 62 0.270588 0.082437
170 23 63 0.267442 0.082437
171 23 63 0.267442 0.082437
172 24 63 0.275862 0.086022
173 24 63 0.275862 0.086022
174 24 64 0.272727 0.086022
175 24 64 0.272727 0.086022
176 24 65 0.269663 0.086022
177 24 65 0.269663 0.086022
178 25 65 0.277778 0.089606
179 25 65 0.277778 0.089606
180 26 65 0.285714 0.093190
181 26 65 0.285714 0.093190
182 26 66 0.282609 0.093190
183 26 66 0.282609 0.093190
184 26 67 0.279570 0.093190
185 26 67 0.279570 0.093190
186 26 68 0.276596 0.093190
187 26 68 0.276596 0.093190
188 26 69 0.273684 0.093190
189 26 69 0.273684 0.093190
190 26 70 0.270833 0.093190
191 26 70 0.270833 0.093190
192 26 71 0.268041 0.093190
193 26 71 0.268041 0.093190
194 27 71 0.275510 0.096774
195 27 71 0.275510 0.096774
196 27 72 0.272727 0.096774
197 27 72 0.272727 0.096774
198 27 73 0.270000 0.096774
199 27 73 0.270000 0.096774
200 28 73 0.277228 0.100358
201 28 73 0.277228 0.100358
202 29 73 0.284314 0.103943
203 29 73 0.284314 0.103943
204 29 74 0.281553 0.103943
205 29 74 0.281553 0.103943
206 29 75 0.278846 0.103943
207 29 75 0.278846 0.103943
208 29 76 0.276190 0.103943
209 29 76 0.276190 0.103943
210 29 77 0.273585 0.103943
211 29 77 0.273585 0.103943
212 29 78 0.271028 0.103943
213 29 78 0.271028 0.103943
214 29 79 0.268519 0.103943
215 29 79 0.268519 0.103943
216 29 80 0.266055 0.103943
217 29 80 0.266055 0.103943
218 29 81 0.263636 0.103943
219 29 81 0.263636 0.103943
220 29 82 0.261261 0.103943
221 29 82 0.261261 0.103943
222 30 82 0.267857 0.107527
223 30 82 0.267857 0.107527
224 30 83 0.265487 0.107527
225 30 83 0.265487 0.107527
226 31 83 0.271930 0.111111
227 31 83 0.271930 0.111111
228 32 83 0.278261 0.114695
229 32 83 0.278261 0.114695
230 32 84 0.275862 0.114695
231 32 84 0.275862 0.114695
232 32 85 0.273504 0.114695
233 32 85 0.273504 0.114695
234 33 85 0.279661 0.118280
235 33 85 0.279661 0.118280
236 34 85 0.285714 0.121864
237 34 85 0.285714 0.121864
238 35 85 0.291667 0.125448
239 35 85 0.291667 0.125448
240 36 85 0.297521 0.129032
241 36 85 0.297521 0.129032
242 36 86 0.295082 0.129032
243 36 86 0.295082 0.129032
244 37 86 0.300813 0.132616
245 37 86 0.300813 0.132616
246 37 87 0.298387 0.132616
247 37 87 0.298387 0.132616
248 38 87 0.304000 0.136201
249 38 87 0.304000 0.136201
250 38 88 0.301587 0.136201
251 38 88 0.301587 0.136201
252 39 88 0.307087 0.139785
253 39 88 0.307087 0.139785
254 39 89 0.304688 0.139785
255 39 89 0.304688 0.139785
256 40 89 0.310078 0.143369
257 40 89 0.310078 0.143369
258 40 90 0.307692 0.143369
259 40 90 0.307692 0.143369
260 41 90 0.312977 0.146953
261 41 90 0.312977 0.146953
262 42 90 0.318182 0.150538
263 42 90 0.318182 0.150538
264 43 90 0.323308 0.154122
265 43 90 0.323308 0.154122
266 44 90 0.328358 0.157706
267 44 90 0.328358 0.157706
268 45 90 0.333333 0.161290
269 45 90 0.333333 0.161290
270 46 90 0.338235 0.164875
271 46 90 0.338235 0.164875
272 47 90 0.343066 0.168459
273 47 90 0.343066 0.168459
274 48 90 0.347826 0.172043
275 48 90 0.347826 0.172043
276 49 90 0.352518 0.175627
277 49 90 0.352518 0.175627
278 50 90 0.357143 0.179211
279 50 90 0.357143 0.179211
280 51 90 0.361702 0.182796
281 51 90 0.361702 0.182796
282 51 91 0.359155 0.182796
283 51 91 0.359155 0.182796
284 52 91 0.363636 0.186380
285 52 91 0.363636 0.186380
286 53 91 0.368056 0.189964
287 53 91 0.368056 0.189964
288 53 92 0.365517 0.189964
289 53 92 0.365517 0.189964
290 54 92 0.369863 0.193548
291 54 92 0.369863 0.193548
292 54 93 0.367347 0.193548
293 54 93 0.367347 0.193548
294 54 94 0.364865 0.193548
295 54 94 0.364865 0.193548
296 55 94 0.369128 0.197133
297 55 94 0.369128 0.197133
298 56 94 0.373333 0.200717
299 56 94 0.373333 0.200717
300 57 94 0.377483 0.204301
301 57 94 0.377483 0.204301
302 58 94 0.381579 0.207885
303 58 94 0.381579 0.207885
304 59 94 0.385621 0.211470
305 59 94 0.385621 0.211470
306 59 95 0.383117 0.211470
307 59 95 0.383117 0.211470
308 59 96 0.380645 0.211470
309 59 96 0.380645 0.211470
310 59 97 0.378205 0.211470
311 59 97 0.378205 0.211470
312 60 97 0.382166 0.215054
313 60 97 0.382166 0.215054
314 60 98 0.379747 0.215054
315 60 98 0.379747 0.215054
316 60 99 0.377358 0.215054
317 60 99 0.377358 0.215054
318 60 100 0.375000 0.215054
319 60 100 0.375000 0.215054
320 60 101 0.372671 0.215054
321 60 101 0.372671 0.215054
322 60 102 0.370370 0.215054
323 60 102 0.370370 0.215054
324 61 102 0.374233 0.218638
325 61 102 0.374233 0.218638
326 62 102 0.378049 0.222222
327 62 102 0.378049 0.222222
328 63 102 0.381818 0.225806
329 63 102 0.381818 0.225806
330 63 103 0.379518 0.225806
331 63 103 0.379518 0.225806
332 64 103 0.383234 0.229391
333 64 103 0.383234 0.229391
334 64 104 0.380952 0.229391
335 64 104 0.380952 0.229391
336 65 104 0.384615 0.232975
337 65 104 0.384615 0.232975
338 65 105 0.382353 0.232975
339 65 105 0.382353 0.232975
340 65 106 0.380117 0.232975
341 65 106 0.380117 0.232975
342 65 107 0.377907 0.232975
343 65 107 0.377907 0.232975
344 65 108 0.375723 0.232975
345 65 108 0.375723 0.232975
346 65 109 0.373563 0.232975
347 65 109 0.373563 0.232975
348 65 110 0.371429 0.232975
349 65 110 0.371429 0.232975
350 66 110 0.375000 0.236559
351 66 110 0.375000 0.236559
352 66 111 0.372881 0.236559
353 66 111 0.372881 0.236559
354 66 112 0.370787 0.236559
355 66 112 0.370787 0.236559
356 66 113 0.368715 0.236559
357 66 113 0.368715 0.236559
358 67 113 0.372222 0.240143
359 67 113 0.372222 0.240143
360 68 113 0.375691 0.243728
361 68 113 0.375691 0.243728
362 68 114 0.373626 0.243728
363 68 114 0.373626 0.243728
364 68 115 0.371585 0.243728
365 68 115 0.371585 0.243728
366 69 115 0.375000 0.247312
367 69 115 0.375000 0.247312
368 69 116 0.372973 0.247312
369 69 116 0.372973 0.247312
370 69 117 0.370968 0.247312
371 69 117 0.370968 0.247312
372 69 118 0.368984 0.247312
373 69 118 0.368984 0.247312
374 69 119 0.367021 0.247312
375 69 119 0.367021 0.247312
376 70 119 0.370370 0.250896
377 70 119 0.370370 0.250896
378 71 119 0.373684 0.254480
379 71 119 0.373684 0.254480
380 71 120 0.371728 0.254480
381 71 120 0.371728 0.254480
382 71 121 0.369792 0.254480
383 71 121 0.369792 0.254480
384 71 122 0.367876 0.254480
385 71 122 0.367876 0.254480
386 72 122 0.371134 0.258065
387 72 122 0.371134 0.258065
388 72 123 0.369231 0.258065
389 72 123 0.369231 0.258065
390 72 124 0.367347 0.258065
391 72 124 0.367347 0.258065
392 73 124 0.370558 0.261649
393 73 124 0.370558 0.261649
394 73 125 0.368687 0.261649
395 73 125 0.368687 0.261649
396 74 125 0.371859 0.265233
397 74 125 0.371859 0.265233
398 75 125 0.375000 0.268817
399 75 125 0.375000 0.268817
400 75 126 0.373134 0.268817
401 75 126 0.373134 0.268817
402 75 127 0.371287 0.268817
403 75 127 0.371287 0.268817
404 75 128 0.369458 0.268817
405 75 128 0.369458 0.268817
406 76 128 0.372549 0.272401
407 76 128 0.372549 0.272401
408 76 129 0.370732 0.272401
409 76 129 0.370732 0.272401
410 76 130 0.368932 0.272401
411 76 130 0.368932 0.272401
412 76 131 0.367150 0.272401
413 76 131 0.367150 0.272401
414 76 132 0.365385 0.272401
415 76 132 0.365385 0.272401
416 76 133 0.363636 0.272401
417 76 133 0.363636 0.272401
418 76 134 0.361905 0.272401
419 76 134 0.361905 0.272401
420 77 134 0.364929 0.275986
421 77 134 0.364929 0.275986
422 77 135 0.363208 0.275986
423 77 135 0.363208 0.275986
424 77 136 0.361502 0.275986
425 77 136 0.361502 0.275986
426 77 137 0.359813 0.275986
427 77 137 0.359813 0.275986
428 77 138 0.358140 0.275986
429 77 138 0.358140 0.275986
430 78 138 0.361111 0.279570
431 78 138 0.361111 0.279570
432 78 139 0.359447 0.279570
433 78 139 0.359447 0.279570
434 79 139 0.362385 0.283154
435 79 139 0.362385 0.283154
436 80 139 0.365297 0.286738
437 80 139 0.365297 0.286738
438 80 140 0.363636 0.286738
439 80 140 0.363636 0.286738
440 80 141 0.361991 0.286738
441 80 141 0.361991 0.286738
442 81 141 0.364865 0.290323
443 81 141 0.364865 0.290323
444 82 141 0.367713 0.293907
445 82 141 0.367713 0.293907
446 83 141 0.370536 0.297491
447 83 141 0.370536 0.297491
448 84 141 0.373333 0.301075
449 84 141 0.373333 0.301075
450 85 141 0.376106 0.304659
451 85 141 0.376106 0.304659
452 86 141 0.378855 0.308244
453 86 141 0.378855 0.308244
454 87 141 0.381579 0.311828
455 87 141 0.381579 0.311828
456 88 141 0.384279 0.315412
457 88 141 0.384279 0.315412
458 89 141 0.386957 0.318996
459 89 141 0.386957 0.318996
460 90 141 0.389610 0.322581
461 90 141 0.389610 0.322581
462 90 142 0.387931 0.322581
463 90 142 0.387931 0.322581
464 91 142 0.390558 0.326165
465 91 142 0.390558 0.326165
466 92 142 0.393162 0.329749
467 92 142 0.393162 0.329749
468 92 143 0.391489 0.329749
469 92 143 0.391489 0.329749
470 93 143 0.394068 0.333333
471 93 143 0.394068 0.333333
472 94 143 0.396624 0.336918
473 94 143 0.396624 0.336918
474 95 143 0.399160 0.340502
475 95 143 0.399160 0.340502
476 96 143 0.401674 0.344086
477 96 143 0.401674 0.344086
478 97 143 0.404167 0.347670
479 97 143 0.404167 0.347670
480 98 143 0.406639 0.351254
481 98 143 0.406639 0.351254
482 98 144 0.404959 0.351254
483 98 144 0.404959 0.351254
484 99 144 0.407407 0.354839
485 99 144 0.407407 0.354839
486 100 144 0.409836 0.358423
487 100 144 0.409836 0.358423
488 101 144 0.412245 0.362007
489 101 144 0.412245 0.362007
490 101 145 0.410569 0.362007
491 101 145 0.410569 0.362007
492 101 146 0.408907 0.362007
493 101 146 0.408907 0.362007
494 102 146 0.411290 0.365591
495 102 146 0.411290 0.365591
496 103 146 0.413655 0.369176
497 103 146 0.413655 0.369176
498 104 146 0.416000 0.372760
499 104 146 0.416000 0.372760
500 105 146 0.418327 0.376344
501 105 146 0.418327 0.376344
502 106 146 0.420635 0.379928
503 106 146 0.420635 0.379928
504 106 147 0.418972 0.379928
505 106 147 0.418972 0.379928
506 107 147 0.421260 0.383513
507 107 147 0.421260 0.383513
508 108 147 0.423529 0.387097
509 108 147 0.423529 0.387097
510 108 148 0.421875 0.387097
511 108 148 0.421875 0.387097
512 109 148 0.424125 0.390681
513 109 148 0.424125 0.390681
514 110 148 0.426357 0.394265
515 110 148 0.426357 0.394265
516 111 148 0.428571 0.397849
517 111 148 0.428571 0.397849
518 112 148 0.430769 0.401434
519 112 148 0.430769 0.401434
520 113 148 0.432950 0.405018
521 113 148 0.432950 0.405018
522 114 148 0.435115 0.408602
523 114 148 0.435115 0.408602
524 115 148 0.437262 0.412186
525 115 148 0.437262 0.412186
526 116 148 0.439394 0.415771
527 116 148 0.439394 0.415771
528 117 148 0.441509 0.419355
529 117 148 0.441509 0.419355
530 118 148 0.443609 0.422939
531 118 148 0.443609 0.422939
532 119 148 0.445693 0.426523
533 119 148 0.445693 0.426523
534 119 149 0.444030 0.426523
535 119 149 0.444030 0.426523
536 119 150 0.442379 0.426523
537 119 150 0.442379 0.426523
538 119 151 0.440741 0.426523
539 119 151 0.440741 0.426523
540 120 151 0.442804 0.430108
541 120 151 0.442804 0.430108
542 120 152 0.441176 0.430108
543 120 152 0.441176 0.430108
544 121 152 0.443223 0.433692
545 121 152 0.443223 0.433692
546 121 153 0.441606 0.433692
547 121 153 0.441606 0.433692
548 122 153 0.443636 0.437276
549 122 153 0.443636 0.437276
550 122 154 0.442029 0.437276
551 122 154 0.442029 0.437276
552 123 154 0.444043 0.440860
553 123 154 0.444043 0.440860
554 123 155 0.442446 0.440860
555 123 155 0.442446 0.440860
556 123 156 0.440860 0.440860
557 123 156 0.440860 0.440860
558 124 156 0.442857 0.444444
559 124 156 0.442857 0.444444
560 124 157 0.441281 0.444444
561 124 157 0.441281 0.444444
562 125 157 0.443262 0.448029
563 125 157 0.443262 0.448029
564 125 158 0.441696 0.448029
565 125 158 0.441696 0.448029
566 125 159 0.440141 0.448029
567 125 159 0.440141 0.448029
568 126 159 0.442105 0.451613
569 126 159 0.442105 0.451613
570 127 159 0.444056 0.455197
571 127 159 0.444056 0.455197
572 128 159 0.445993 0.458781
573 128 159 0.445993 0.458781
574 129 159 0.447917 0.462366
575 129 159 0.447917 0.462366
576 129 160 0.446367 0.462366
577 129 160 0.446367 0.462366
578 129 161 0.444828 0.462366
579 129 161 0.444828 0.462366
580 130 161 0.446735 0.465950
581 130 161 0.446735 0.465950
582 131 161 0.448630 0.469534
583 131 161 0.448630 0.469534
584 132 161 0.450512 0.473118
585 132 161 0.450512 0.473118
586 133 161 0.452381 0.476703
587 133 161 0.452381 0.476703
588 134 161 0.454237 0.480287
589 134 161 0.454237 0.480287
590 135 161 0.456081 0.483871
591 135 161 0.456081 0.483871
592 135 162 0.454545 0.483871
593 135 162 0.454545 0.483871
594 136 162 0.456376 0.487455
595 136 162 0.456376 0.487455
596 136 163 0.454850 0.487455
597 136 163 0.454850 0.487455
598 136 164 0.453333 0.487455
599 136 164 0.453333 0.487455
600 137 164 0.455150 0.491039
601 137 164 0.455150 0.491039
602 138 164 0.456954 0.494624
603 138 164 0.456954 0.494624
604 139 164 0.458746 0.498208
605 139 164 0.458746 0.498208
606 139 165 0.457237 0.498208
607 139 165 0.457237 0.498208
608 140 165 0.459016 0.501792
609 140 165 0.459016 0.501792
610 140 166 0.457516 0.501792
611 140 166 0.457516 0.501792
612 140 167 0.456026 0.501792
613 140 167 0.456026 0.501792
614 140 168 0.454545 0.501792
615 140 168 0.454545 0.501792
616 141 168 0.456311 0.505376
617 141 168 0.456311 0.505376
618 142 168 0.458065 0.508961
619 142 168 0.458065 0.508961
620 142 169 0.456592 0.508961
621 142 169 0.456592 0.508961
622 142 170 0.455128 0.508961
623 142 170 0.455128 0.508961
624 143 170 0.456869 0.512545
625 143 170 0.456869 0.512545
626 143 171 0.455414 0.512545
627 143 171 0.455414 0.512545
628 144 171 0.457143 0.516129
629 144 171 0.457143 0.516129
630 145 171 0.458861 0.519713
631 145 171 0.458861 0.519713
632 146 171 0.460568 0.523297
633 146 171 0.460568 0.523297
634 146 172 0.459119 0.523297
635 146 172 0.459119 0.523297
636 147 172 0.460815 0.526882
637 147 172 0.460815 0.526882
638 148 172 0.462500 0.530466
639 148 172 0.462500 0.530466
640 149 172 0.464174 0.534050
641 149 172 0.464174 0.534050
642 149 173 0.462733 0.534050
643 149 173 0.462733 0.534050
644 150 173 0.464396 0.537634
645 150 173 0.464396 0.537634
646 151 173 0.466049 0.541219
647 151 173 0.466049 0.541219
648 151 174 0.464615 0.541219
649 151 174 0.464615 0.541219
650 152 174 0.466258 0.544803
651 152 174 0.466258 0.544803
652 153 174 0.467890 0.548387
653 153 174 0.467890 0.548387
654 154 174 0.469512 0.551971
655 154 174 0.469512 0.551971
656 154 175 0.468085 0.551971
657 154 175 0.468085 0.551971
658 155 175 0.469697 0.555556
659 155 175 0.469697 0.555556
660 155 176 0.468278 0.555556
661 155 176 0.468278 0.555556
662 156 176 0.469880 0.559140
663 156 176 0.469880 0.559140
664 157 176 0.471471 0.562724
665 157 176 0.471471 0.562724
666 157 177 0.470060 0.562724
667 157 177 0.470060 0.562724
668 158 177 0.471642 0.566308
669 158 177 0.471642 0.566308
670 158 178 0.470238 0.566308
671 158 178 0.470238 0.566308
672 158 179 0.468843 0.566308
673 158 179 0.468843 0.566308
674 158 180 0.467456 0.566308
675 158 180 0.467456 0.566308
676 158 181 0.466077 0.566308
677 158 181 0.466077 0.566308
678 159 181 0.467647 0.569892
679 159 181 0.467647 0.569892
680 160 181 0.469208 0.573477
681 160 181 0.469208 0.573477
682 161 181 0.470760 0.577061
683 161 181 0.470760 0.577061
684 161 182 0.469388 0.577061
685 161 182 0.469388 0.577061
686 161 183 0.468023 0.577061
687 161 183 0.468023 0.577061
688 162 183 0.469565 0.580645
689 162 183 0.469565 0.580645
690 163 183 0.471098 0.584229
691 163 183 0.471098 0.584229
692 163 184 0.469741 0.584229
693 163 184 0.469741 0.584229
694 163 185 0.468391 0.584229
695 163 185 0.468391 0.584229
696 163 186 0.467049 0.584229
697 163 186 0.467049 0.584229
698 164 186 0.468571 0.587814
699 164 186 0.468571 0.587814
700 164 187 0.467236 0.587814
701 164 187 0.467236 0.587814
702 165 187 0.468750 0.591398
703 165 187 0.468750 0.591398
704 166 187 0.470255 0.594982
705 166 187 0.470255 0.594982
706 167 187 0.471751 0.598566
707 167 187 0.471751 0.598566
708 168 187 0.473239 0.602151
709 168 187 0.473239 0.602151
710 168 188 0.471910 0.602151
711 168 188 0.471910 0.602151
712 168 189 0.470588 0.602151
713 168 189 0.470588 0.602151
714 169 189 0.472067 0.605735
715 169 189 0.472067 0.605735
716 170 189 0.473538 0.609319
717 170 189 0.473538 0.609319
718 170 190 0.472222 0.609319
719 170 190 0.472222 0.609319
720 171 190 0.473684 0.612903
721 171 190 0.473684 0.612903
722 172 190 0.475138 0.616487
723 172 190 0.475138 0.616487
724 173 190 0.476584 0.620072
725 173 190 0.476584 0.620072
726 174 190 0.478022 0.623656
727 174 190 0.478022 0.623656
728 175 190 0.479452 0.627240
729 175 190 0.479452 0.627240
730 175 191 0.478142 0.627240
731 175 191 0.478142 0.627240
732 176 191 0.479564 0.630824
733 176 191 0.479564 0.630824
734 176 192 0.478261 0.630824
735 176 192 0.478261 0.630824
736 176 193 0.476965 0.630824
737 176 193 0.476965 0.630824
738 177 193 0.478378 0.634409
739 177 193 0.478378 0.634409
740 177 194 0.477089 0.634409
741 177 194 0.477089 0.634409
742 177 195 0.475806 0.634409
743 177 195 0.475806 0.634409
744 178 195 0.477212 0.637993
745 178 195 0.477212 0.637993
746 178 196 0.475936 0.637993
747 178 196 0.475936 0.637993
748 179 196 0.477333 0.641577
749 179 196 0.477333 0.641577
750 180 196 0.478723 0.645161
751 180 196 0.478723 0.645161
752 180 197 0.477454 0.645161
753 180 197 0.477454 0.645161
754 181 197 0.478836 0.648746
755 181 197 0.478836 0.648746
756 182 197 0.480211 0.652330
757 182 197 0.480211 0.652330
758 183 197 0.481579 0.655914
759 183 197 0.481579 0.655914
760 184 197 0.482940 0.659498
761 184 197 0.482940 0.659498
762 185 197 0.484293 0.663082
763 185 197 0.484293 0.663082
764 186 197 0.485640 0.666667
765 186 197 0.485640 0.666667
766 187 197 0.486979 0.670251
767 187 197 0.486979 0.670251
768 187 198 0.485714 0.670251
769 187 198 0.485714 0.670251
770 187 199 0.484456 0.670251
771 187 199 0.484456 0.670251
772 187 200 0.483204 0.670251
773 187 200 0.483204 0.670251
774 188 200 0.484536 0.673835
775 188 200 0.484536 0.673835
776 188 201 0.483290 0.673835
777 188 201 0.483290 0.673835
778 188 202 0.482051 0.673835
779 188 202 0.482051 0.673835
780 189 202 0.483376 0.677419
781 189 202 0.483376 0.677419
782 189 203 0.482143 0.677419
783 189 203 0.482143 0.677419
784 190 203 0.483461 0.681004
785 190 203 0.483461 0.681004
786 190 204 0.482233 0.681004
787 190 204 0.482233 0.681004
788 190 205 0.481013 0.681004
789 190 205 0.481013 0.681004
790 190 206 0.479798 0.681004
791 190 206 0.479798 0.681004
792 190 207 0.478589 0.681004
793 190 207 0.478589 0.681004
794 191 207 0.479899 0.684588
795 191 207 0.479899 0.684588
796 192 207 0.481203 0.688172
797 192 207 0.481203 0.688172
798 192 208 0.480000 0.688172
799 192 208 0.480000 0.688172
800 192 209 0.478803 0.688172
801 192 209 0.478803 0.688172
802 193 209 0.480099 0.691756
803 193 209 0.480099 0.691756
804 194 209 0.481390 0.695341
805 194 209 0.481390 0.695341
806 195 209 0.482673 0.698925
807 195 209 0.482673 0.698925
808 195 210 0.481481 0.698925
809 195 210 0.481481 0.698925
810 195 211 0.480296 0.698925
811 195 211 0.480296 0.698925
812 196 211 0.481572 0.702509
813 196 211 0.481572 0.702509
814 197 211 0.482843 0.706093
815 197 211 0.482843 0.706093
816 197 212 0.481663 0.706093
817 197 212 0.481663 0.706093
818 198 212 0.482927 0.709677
819 198 212 0.482927 0.709677
820 199 212 0.484185 0.713262
821 199 212 0.484185 0.713262
822 200 212 0.485437 0.716846
823 200 212 0.485437 0.716846
824 201 212 0.486683 0.720430
825 201 212 0.486683 0.720430
826 202 212 0.487923 0.724014
827 202 212 0.487923 0.724014
828 203 212 0.489157 0.727599
829 203 212 0.489157 0.727599
830 204 212 0.490385 0.731183
831 204 212 0.490385 0.731183
832 204 213 0.489209 0.731183
833 204 213 0.489209 0.731183
834 205 213 0.490431 0.734767
835 205 213 0.490431 0.734767
836 206 213 0.491647 0.738351
837 206 213 0.491647 0.738351
838 206 214 0.490476 0.738351
839 206 214 0.490476 0.738351
840 206 215 0.489311 0.738351
841 206 215 0.489311 0.738351
842 206 216 0.488152 0.738351
843 206 216 0.488152 0.738351
844 206 217 0.486998 0.738351
845 206 217 0.486998 0.738351
846 207 217 0.488208 0.741935
847 207 217 0.488208 0.741935
848 208 217 0.489412 0.745520
849 208 217 0.489412 0.745520
850 209 217 0.490610 0.749104
851 209 217 0.490610 0.749104
852 210 217 0.491803 0.752688
853 210 217 0.491803 0.752688
854 210 218 0.490654 0.752688
855 210 218 0.490654 0.752688
856 211 218 0.491841 0.756272
857 211 218 0.491841 0.756272
858 211 219 0.490698 0.756272
859 211 219 0.490698 0.756272
860 212 219 0.491879 0.759857
861 212 219 0.491879 0.759857
862 213 219 0.493056 0.763441
863 213 219 0.493056 0.763441
864 214 219 0.494226 0.767025
865 214 219 0.494226 0.767025
866 214 220 0.493088 0.767025
867 214 220 0.493088 0.767025
868 215 220 0.494253 0.770609
869 215 220 0.494253 0.770609
870 215 220 0.494253 0.770609
871 215 220 0.494253 0.770609
872 215 220 0.494253 0.770609
873 215 220 0.494253 0.770609
874 215 220 0.494253 0.770609
875 215 220 0.494253 0.770609
876 215 220 0.494253 0.770609
877 215 220 0.494253 0.770609
878 215 220 0.494253 0.770609
879 215 220 0.494253 0.770609
880 215 220 0.494253 0.770609
881 215 220 0.494253 0.770609
882 215 220 0.494253 0.770609
883 215 220 0.494253 0.770609
884 215 220 0.494253 0.770609
885 215 220 0.494253 0.770609
886 215 220 0.494253 0.770609
887 215 220 0.494253 0.770609
888 215 220 0.494253 0.770609
889 215 220 0.494253 0.770609
890 215 220 0.494253 0.770609
891 215 220 0.494253 0.770609
892 215 220 0.494253 0.770609
893 215 220 0.494253 0.770609
894 215 220 0.494253 0.770609
895 215 220 0.494253 0.770609
896 215 220 0.494253 0.770609
897 215 220 0.494253 0.770609
898 215 220 0.494253 0.770609
899 215 220 0.494253 0.770609
900 215 220 0.494253 0.770609
901 215 220 0.494253 0.770609
902 215 220 0.494253 0.770609
903 215 220 0.494253 0.770609
904 215 220 0.494253 0.770609
905 215 220 0.494253 0.770609
906 215 220 0.494253 0.770609
907 215 220 0.494253 0.770609
908 215 220 0.494253 0.770609
909 215 220 0.494253 0.770609
910 215 220 0.494253 0.770609
911 215 220 0.494253 0.770609
912 215 220 0.494253 0.770609
913 215 220 0.494253 0.770609
914 215 220 0.494253 0.770609
915 215 220 0.494253 0.770609
916 215 220 0.494253 0.770609
917 215 220 0.494253 0.770609
918 215 220 0.494253 0.770609
919 215 220 0.494253 0.770609
920 215 220 0.494253 0.770609
921 215 220 0.494253 0.770609
922 215 220 0.494253 0.770609
923 215 220 0.494253 0.770609
924 215 220 0.494253 0.770609
925 215 220 0.494253 0.770609
926 215 220 0.494253 0.770609
927 215 220 0.494253 0.770609
928 215 220 0.494253 0.770609
929 215 220 0.494253 0.770609
930 215 220 0.494253 0.770609
931 215 220 0.494253 0.770609
932 215 220 0.494253 0.770609
933 215 220 0.494253 0.770609
934 215 220 0.494253 0.770609
935 215 220 0.494253 0.770609
936 215 220 0.494253 0.770609
937 215 220 0.494253 0.770609
938 215 220 0.494253 0.770609
939 215 220 0.494253 0.770609
940 215 220 0.494253 0.770609
941 215 220 0.494253 0.770609
942 215 220 0.494253 0.770609
943 215 220 0.494253 0.770609
944 215 220 0.494253 0.770609
945 215 220 0.494253 0.770609
946 215 220 0.494253 0.770609
947 215 220 0.494253 0.770609
948 215 220 0.494253 0.770609
949 215 220 0.494253 0.770609
950 215 220 0.494253 0.770609
951 215 220 0.494253 0.770609
952 215 220 0.494253 0.770609
953 215 220 0.494253 0.770609
954 215 220 0.494253 0.770609
955 215 220 0.494253 0.770609
956 215 220 0.494253 0.770609
957 215 220 0.494253 0.770609
958 215 220 0.494253 0.770609
959 215 220 0.494253 0.770609
960 215 220 0.494253 0.770609
961 215 220 0.494253 0.770609
962 215 220 0.494253 0.770609
963 215 220 0.494253 0.770609
964 215 220 0.494253 0.770609
965 215 220 0.494253 0.770609
966 215 220 0.494253 0.770609
967 215 220 0.494253 0.770609
968 215 220 0.494253 0.770609
969 215 220 0.494253 0.770609
970 215 220 0.494253 0.770609
971 215 220 0.494253 0.770609
972 215 220 0.494253 0.770609
973 215 220 0.494253 0.770609
974 215 220 0.494253 0.770609
975 215 220 0.494253 0.770609
976 215 220 0.494253 0.770609
977 215 220 0.494253 0.770609
978 215 220 0.494253 0.770609
979 215 220 0.494253 0.770609
980 215 220 0.494253 0.770609
981 215 220 0.494253 0.770609
982 215 220 0.494253 0.770609
983 215 220 0.494253 0.770609
984 215 220 0.494253 0.770609
985 215 220 0.494253 0.770609
986 215 220 0.494253 0.770609
987 215 220 0.494253 0.770609
988 215 220 0.494253 0.770609
989 215 220 0.494253 0.770609
990 215 220 0.494253 0.770609
991 215 220 0.494253 0.770609
992 215 220 0.494253 0.770609
993 215 220 0.494253 0.770609
994 215 220 0.494253 0.770609
995 215 220 0.494253 0.770609
996 215 220 0.494253 0.770609
997 215 220 0.494253 0.770609
998 215 220 0.494253 0.770609
999 215 220 0.494253 0.770609
1000 215 220 0.494253 0.770609
1001 215 220 0.494253 0.770609
1002 215 220 0.494253 0.770609
1003 215 220 0.494253 0.770609
1004 215 220 0.494253 0.770609
1005 215 220 0.494253 0.770609
1006 215 220 0.494253 0.770609
1007 215 220 0.494253 0.770609
1008 215 220 0.494253 0.770609
1009 215 220 0.494253 0.770609
1010 215 220 0.494253 0.770609
1011 215 220 0.494253 0.770609
1012 215 220 0.494253 0.770609
1013 215 220 0.494253 0.770609
1014 215 220 0.494253 0.770609
1015 215 220 0.494253 0.770609
1016 215 220 0.494253 0.770609
1017 215 220 0.494253 0.770609
1018 215 220 0.494253 0.770609
1019 215 220 0.494253 0.770609
1020 215 220 0.494253 0.770609
1021 215 220 0.494253 0.770609
1022 215 220 0.494253 0.770609
1023 215 220 0.494253 0.770609
1024 215 220 0.494253 0.770609
1025 215 220 0.494253 0.770609
1026 215 220 0.494253 0.770609
1027 215 220 0.494253 0.770609
1028 215 220 0.494253 0.770609
1029 215 220 0.494253 0.770609
1030 215 220 0.494253 0.770609
1031 215 220 0.494253 0.770609
1032 215 220 0.494253 0.770609
1033 215 220 0.494253 0.770609
1034 215 220 0.494253 0.770609
1035 215 220 0.494253 0.770609
1036 215 220 0.494253 0.770609
1037 215 220 0.494253 0.770609
1038 215 220 0.494253 0.770609
1039 215 220 0.494253 0.770609
1040 215 220 0.494253 0.770609
1041 215 220 0.494253 0.770609
1042 215 220 0.494253 0.770609
1043 215 220 0.494253 0.770609
1044 215 220 0.494253 0.770609
1045 215 220 0.494253 0.770609
1046 215 220 0.494253 0.770609
1047 215 220 0.494253 0.770609
1048 215 220 0.494253 0.770609
1049 215 220 0.494253 0.770609
1050 215 220 0.494253 0.770609
1051 215 220 0.494253 0.770609
1052 215 220 0.494253 0.770609
1053 215 220 0.494253 0.770609
1054 215 220 0.494253 0.770609
1055 215 220 0.494253 0.770609
1056 215 220 0.494253 0.770609
1057 215 220 0.494253 0.770609
1058 215 220 0.494253 0.770609
1059 215 220 0.494253 0.770609
1060 215 220 0.494253 0.770609
1061 215 220 0.494253 0.770609
1062 215 220 0.494253 0.770609
1063 215 220 0.494253 0.770609
1064 215 220 0.494253 0.770609
1065 215 220 0.494253 0.770609
1066 215 220 0.494253 0.770609
1067 215 220 0.494253 0.770609
1068 215 220 0.494253 0.770609
1069 215 220 0.494253 0.770609
1070 215 220 0.494253 0.770609
1071 215 220 0.494253 0.770609
1072 215 220 0.494253 0.770609
1073 215 220 0.494253 0.770609
1074 215 220 0.494253 0.770609
1075 215 220 0.494253 0.770609
1076 215 220 0.494253 0.770609
1077 215 220 0.494253 0.770609
1078 215 220 0.494253 0.770609
1079 215 220 0.494253 0.770609
1080 215 220 0.494253 0.770609
1081 215 220 0.494253 0.770609
1082 215 220 0.494253 0.770609
1083 215 220 0.494253 0.770609
1084 215 220 0.494253 0.770609
1085 215 220 0.494253 0.770609
1086 215 220 0.494253 0.770609
1087 215 220 0.494253 0.770609
1088 215 220 0.494253 0.770609
1089 215 220 0.494253 0.770609
1090 215 220 0.494253 0.770609
1091 215 220 0.494253 0.770609
1092 215 220 0.494253 0.770609
1093 215 220 0.494253 0.770609
1094 215 220 0.494253 0.770609
1095 215 220 0.494253 0.770609
1096 215 220 0.494253 0.770609
1097 215 220 0.494253 0.770609
1098 215 220 0.494253 0.770609
1099 215 220 0.494253 0.770609
1100 215 220 0.494253 0.770609
1101 215 220 0.494253 0.770609
1102 215 220 0.494253 0.770609
1103 215 220 0.494253 0.770609
1104 215 220 0.494253 0.770609
1105 215 220 0.494253 0.770609
1106 215 220 0.494253 0.770609
1107 215 220 0.494253 0.770609
1108 215 220 0.494253 0.770609
1109 215 220 0.494253 0.770609
1110 215 220 0.494253 0.770609
1111 215 220 0.494253 0.770609
1112 215 220 0.494253 0.770609
1113 215 220 0.494253 0.770609
1114 215 220 0.494253 0.770609
1115 215 220 0.494253 0.770609
1116 215 220 0.494253 0.770609
1117 215 220 0.494253 0.770609
1118 215 220 0.494253 0.770609
1119 215 220 0.494253 0.770609
1120 215 220 0.494253 0.770609
1121 215 220 0.494253 0.770609
1122 215 220 0.494253 0.770609
1123 215 220 0.494253 0.770609
1124 215 220 0.494253 0.770609
1125 215 220 0.494253 0.770609
1126 215 220 0.494253 0.770609
1127 215 220 0.494253 0.770609
1128 215 220 0.494253 0.770609
1129 215 220 0.494253 0.770609
1130 215 220 0.494253 0.770609
1131 215 220 0.494253 0.770609
1132 215 220 0.494253 0.770609
