Index,TP,FP,Precision,Recall 
0 0 1 0 0.000000
1 0 1 0 0.000000
2 0 2 0 0.000000
3 0 2 0 0.000000
4 0 3 0 0.000000
5 0 3 0 0.000000
6 1 3 0.250000 0.002519
7 1 3 0.250000 0.002519
8 1 4 0.200000 0.002519
9 1 4 0.200000 0.002519
10 1 5 0.166667 0.002519
11 1 5 0.166667 0.002519
12 2 5 0.285714 0.005038
13 2 5 0.285714 0.005038
14 2 6 0.250000 0.005038
15 2 6 0.250000 0.005038
16 3 6 0.333333 0.007557
17 3 6 0.333333 0.007557
18 3 7 0.300000 0.007557
19 3 7 0.300000 0.007557
20 4 7 0.363636 0.010076
21 4 7 0.363636 0.010076
22 4 8 0.333333 0.010076
23 4 8 0.333333 0.010076
24 4 9 0.307692 0.010076
25 4 9 0.307692 0.010076
26 4 10 0.285714 0.010076
27 4 10 0.285714 0.010076
28 4 11 0.266667 0.010076
29 4 11 0.266667 0.010076
30 4 12 0.250000 0.010076
31 4 12 0.250000 0.010076
32 4 13 0.235294 0.010076
33 4 13 0.235294 0.010076
34 5 13 0.277778 0.012594
35 5 13 0.277778 0.012594
36 6 13 0.315789 0.015113
37 6 13 0.315789 0.015113
38 6 14 0.300000 0.015113
39 6 14 0.300000 0.015113
40 6 15 0.285714 0.015113
41 6 15 0.285714 0.015113
42 7 15 0.318182 0.017632
43 7 15 0.318182 0.017632
44 7 16 0.304348 0.017632
45 7 16 0.304348 0.017632
46 8 16 0.333333 0.020151
47 8 16 0.333333 0.020151
48 8 17 0.320000 0.020151
49 8 17 0.320000 0.020151
50 9 17 0.346154 0.022670
51 9 17 0.346154 0.022670
52 10 17 0.370370 0.025189
53 10 17 0.370370 0.025189
54 11 17 0.392857 0.027708
55 11 17 0.392857 0.027708
56 11 18 0.379310 0.027708
57 11 18 0.379310 0.027708
58 11 19 0.366667 0.027708
59 11 19 0.366667 0.027708
60 12 19 0.387097 0.030227
61 12 19 0.387097 0.030227
62 12 20 0.375000 0.030227
63 12 20 0.375000 0.030227
64 12 21 0.363636 0.030227
65 12 21 0.363636 0.030227
66 12 22 0.352941 0.030227
67 12 22 0.352941 0.030227
68 12 23 0.342857 0.030227
69 12 23 0.342857 0.030227
70 12 24 0.333333 0.030227
71 12 24 0.333333 0.030227
72 12 25 0.324324 0.030227
73 12 25 0.324324 0.030227
74 12 26 0.315789 0.030227
75 12 26 0.315789 0.030227
76 13 26 0.333333 0.032746
77 13 26 0.333333 0.032746
78 14 26 0.350000 0.035264
79 14 26 0.350000 0.035264
80 14 27 0.341463 0.035264
81 14 27 0.341463 0.035264
82 14 28 0.333333 0.035264
83 14 28 0.333333 0.035264
84 15 28 0.348837 0.037783
85 15 28 0.348837 0.037783
86 16 28 0.363636 0.040302
87 16 28 0.363636 0.040302
88 16 29 0.355556 0.040302
89 16 29 0.355556 0.040302
90 16 30 0.347826 0.040302
91 16 30 0.347826 0.040302
92 16 31 0.340426 0.040302
93 16 31 0.340426 0.040302
94 17 31 0.354167 0.042821
95 17 31 0.354167 0.042821
96 18 31 0.367347 0.045340
97 18 31 0.367347 0.045340
98 18 32 0.360000 0.045340
99 18 32 0.360000 0.045340
100 19 32 0.372549 0.047859
101 19 32 0.372549 0.047859
102 19 33 0.365385 0.047859
103 19 33 0.365385 0.047859
104 19 34 0.358491 0.047859
105 19 34 0.358491 0.047859
106 19 35 0.351852 0.047859
107 19 35 0.351852 0.047859
108 20 35 0.363636 0.050378
109 20 35 0.363636 0.050378
110 20 36 0.357143 0.050378
111 20 36 0.357143 0.050378
112 20 37 0.350877 0.050378
113 20 37 0.350877 0.050378
114 21 37 0.362069 0.052897
115 21 37 0.362069 0.052897
116 21 38 0.355932 0.052897
117 21 38 0.355932 0.052897
118 21 39 0.350000 0.052897
119 21 39 0.350000 0.052897
120 21 40 0.344262 0.052897
121 21 40 0.344262 0.052897
122 21 41 0.338710 0.052897
123 21 41 0.338710 0.052897
124 21 42 0.333333 0.052897
125 21 42 0.333333 0.052897
126 21 43 0.328125 0.052897
127 21 43 0.328125 0.052897
128 21 44 0.323077 0.052897
129 21 44 0.323077 0.052897
130 21 45 0.318182 0.052897
131 21 45 0.318182 0.052897
132 22 45 0.328358 0.055416
133 22 45 0.328358 0.055416
134 22 46 0.323529 0.055416
135 22 46 0.323529 0.055416
136 23 46 0.333333 0.057935
137 23 46 0.333333 0.057935
138 24 46 0.342857 0.060453
139 24 46 0.342857 0.060453
140 25 46 0.352113 0.062972
141 25 46 0.352113 0.062972
142 25 47 0.347222 0.062972
143 25 47 0.347222 0.062972
144 25 48 0.342466 0.062972
145 25 48 0.342466 0.062972
146 25 49 0.337838 0.062972
147 25 49 0.337838 0.062972
148 25 50 0.333333 0.062972
149 25 50 0.333333 0.062972
150 26 50 0.342105 0.065491
151 26 50 0.342105 0.065491
152 27 50 0.350649 0.068010
153 27 50 0.350649 0.068010
154 28 50 0.358974 0.070529
155 28 50 0.358974 0.070529
156 29 50 0.367089 0.073048
157 29 50 0.367089 0.073048
158 30 50 0.375000 0.075567
159 30 50 0.375000 0.075567
160 30 51 0.370370 0.075567
161 30 51 0.370370 0.075567
162 30 52 0.365854 0.075567
163 30 52 0.365854 0.075567
164 31 52 0.373494 0.078086
165 31 52 0.373494 0.078086
166 31 53 0.369048 0.078086
167 31 53 0.369048 0.078086
168 31 54 0.364706 0.078086
169 31 54 0.364706 0.078086
170 32 54 0.372093 0.080605
171 32 54 0.372093 0.080605
172 33 54 0.379310 0.083123
173 33 54 0.379310 0.083123
174 34 54 0.386364 0.085642
175 34 54 0.386364 0.085642
176 34 55 0.382022 0.085642
177 34 55 0.382022 0.085642
178 35 55 0.388889 0.088161
179 35 55 0.388889 0.088161
180 36 55 0.395604 0.090680
181 36 55 0.395604 0.090680
182 37 55 0.402174 0.093199
183 37 55 0.402174 0.093199
184 37 56 0.397849 0.093199
185 37 56 0.397849 0.093199
186 38 56 0.404255 0.095718
187 38 56 0.404255 0.095718
188 39 56 0.410526 0.098237
189 39 56 0.410526 0.098237
190 39 57 0.406250 0.098237
191 39 57 0.406250 0.098237
192 40 57 0.412371 0.100756
193 40 57 0.412371 0.100756
194 41 57 0.418367 0.103275
195 41 57 0.418367 0.103275
196 42 57 0.424242 0.105793
197 42 57 0.424242 0.105793
198 43 57 0.430000 0.108312
199 43 57 0.430000 0.108312
200 44 57 0.435644 0.110831
201 44 57 0.435644 0.110831
202 45 57 0.441176 0.113350
203 45 57 0.441176 0.113350
204 46 57 0.446602 0.115869
205 46 57 0.446602 0.115869
206 47 57 0.451923 0.118388
207 47 57 0.451923 0.118388
208 47 58 0.447619 0.118388
209 47 58 0.447619 0.118388
210 48 58 0.452830 0.120907
211 48 58 0.452830 0.120907
212 48 59 0.448598 0.120907
213 48 59 0.448598 0.120907
214 49 59 0.453704 0.123426
215 49 59 0.453704 0.123426
216 49 60 0.449541 0.123426
217 49 60 0.449541 0.123426
218 50 60 0.454545 0.125945
219 50 60 0.454545 0.125945
220 51 60 0.459459 0.128463
221 51 60 0.459459 0.128463
222 52 60 0.464286 0.130982
223 52 60 0.464286 0.130982
224 52 61 0.460177 0.130982
225 52 61 0.460177 0.130982
226 53 61 0.464912 0.133501
227 53 61 0.464912 0.133501
228 54 61 0.469565 0.136020
229 54 61 0.469565 0.136020
230 55 61 0.474138 0.138539
231 55 61 0.474138 0.138539
232 55 62 0.470085 0.138539
233 55 62 0.470085 0.138539
234 56 62 0.474576 0.141058
235 56 62 0.474576 0.141058
236 57 62 0.478992 0.143577
237 57 62 0.478992 0.143577
238 58 62 0.483333 0.146096
239 58 62 0.483333 0.146096
240 59 62 0.487603 0.148615
241 59 62 0.487603 0.148615
242 60 62 0.491803 0.151134
243 60 62 0.491803 0.151134
244 61 62 0.495935 0.153652
245 61 62 0.495935 0.153652
246 62 62 0.500000 0.156171
247 62 62 0.500000 0.156171
248 63 62 0.504000 0.158690
249 63 62 0.504000 0.158690
250 63 63 0.500000 0.158690
251 63 63 0.500000 0.158690
252 64 63 0.503937 0.161209
253 64 63 0.503937 0.161209
254 65 63 0.507812 0.163728
255 65 63 0.507812 0.163728
256 66 63 0.511628 0.166247
257 66 63 0.511628 0.166247
258 67 63 0.515385 0.168766
259 67 63 0.515385 0.168766
260 68 63 0.519084 0.171285
261 68 63 0.519084 0.171285
262 69 63 0.522727 0.173804
263 69 63 0.522727 0.173804
264 70 63 0.526316 0.176322
265 70 63 0.526316 0.176322
266 71 63 0.529851 0.178841
267 71 63 0.529851 0.178841
268 72 63 0.533333 0.181360
269 72 63 0.533333 0.181360
270 73 63 0.536765 0.183879
271 73 63 0.536765 0.183879
272 74 63 0.540146 0.186398
273 74 63 0.540146 0.186398
274 75 63 0.543478 0.188917
275 75 63 0.543478 0.188917
276 76 63 0.546763 0.191436
277 76 63 0.546763 0.191436
278 76 64 0.542857 0.191436
279 76 64 0.542857 0.191436
280 77 64 0.546099 0.193955
281 77 64 0.546099 0.193955
282 77 65 0.542253 0.193955
283 77 65 0.542253 0.193955
284 78 65 0.545455 0.196474
285 78 65 0.545455 0.196474
286 79 65 0.548611 0.198992
287 79 65 0.548611 0.198992
288 80 65 0.551724 0.201511
289 80 65 0.551724 0.201511
290 81 65 0.554795 0.204030
291 81 65 0.554795 0.204030
292 82 65 0.557823 0.206549
293 82 65 0.557823 0.206549
294 82 66 0.554054 0.206549
295 82 66 0.554054 0.206549
296 83 66 0.557047 0.209068
297 83 66 0.557047 0.209068
298 84 66 0.560000 0.211587
299 84 66 0.560000 0.211587
300 85 66 0.562914 0.214106
301 85 66 0.562914 0.214106
302 86 66 0.565789 0.216625
303 86 66 0.565789 0.216625
304 87 66 0.568627 0.219144
305 87 66 0.568627 0.219144
306 87 67 0.564935 0.219144
307 87 67 0.564935 0.219144
308 87 68 0.561290 0.219144
309 87 68 0.561290 0.219144
310 87 69 0.557692 0.219144
311 87 69 0.557692 0.219144
312 88 69 0.560510 0.221662
313 88 69 0.560510 0.221662
314 88 70 0.556962 0.221662
315 88 70 0.556962 0.221662
316 89 70 0.559748 0.224181
317 89 70 0.559748 0.224181
318 90 70 0.562500 0.226700
319 90 70 0.562500 0.226700
320 90 71 0.559006 0.226700
321 90 71 0.559006 0.226700
322 91 71 0.561728 0.229219
323 91 71 0.561728 0.229219
324 92 71 0.564417 0.231738
325 92 71 0.564417 0.231738
326 93 71 0.567073 0.234257
327 93 71 0.567073 0.234257
328 94 71 0.569697 0.236776
329 94 71 0.569697 0.236776
330 94 72 0.566265 0.236776
331 94 72 0.566265 0.236776
332 95 72 0.568862 0.239295
333 95 72 0.568862 0.239295
334 96 72 0.571429 0.241814
335 96 72 0.571429 0.241814
336 97 72 0.573964 0.244332
337 97 72 0.573964 0.244332
338 98 72 0.576471 0.246851
339 98 72 0.576471 0.246851
340 99 72 0.578947 0.249370
341 99 72 0.578947 0.249370
342 100 72 0.581395 0.251889
343 100 72 0.581395 0.251889
344 100 73 0.578035 0.251889
345 100 73 0.578035 0.251889
346 100 74 0.574713 0.251889
347 100 74 0.574713 0.251889
348 100 75 0.571429 0.251889
349 100 75 0.571429 0.251889
350 100 76 0.568182 0.251889
351 100 76 0.568182 0.251889
352 100 77 0.564972 0.251889
353 100 77 0.564972 0.251889
354 101 77 0.567416 0.254408
355 101 77 0.567416 0.254408
356 102 77 0.569832 0.256927
357 102 77 0.569832 0.256927
358 103 77 0.572222 0.259446
359 103 77 0.572222 0.259446
360 104 77 0.574586 0.261965
361 104 77 0.574586 0.261965
362 105 77 0.576923 0.264484
363 105 77 0.576923 0.264484
364 106 77 0.579235 0.267003
365 106 77 0.579235 0.267003
366 107 77 0.581522 0.269521
367 107 77 0.581522 0.269521
368 107 78 0.578378 0.269521
369 107 78 0.578378 0.269521
370 108 78 0.580645 0.272040
371 108 78 0.580645 0.272040
372 109 78 0.582888 0.274559
373 109 78 0.582888 0.274559
374 109 79 0.579787 0.274559
375 109 79 0.579787 0.274559
376 110 79 0.582011 0.277078
377 110 79 0.582011 0.277078
378 110 80 0.578947 0.277078
379 110 80 0.578947 0.277078
380 110 81 0.575916 0.277078
381 110 81 0.575916 0.277078
382 111 81 0.578125 0.279597
383 111 81 0.578125 0.279597
384 111 82 0.575130 0.279597
385 111 82 0.575130 0.279597
386 112 82 0.577320 0.282116
387 112 82 0.577320 0.282116
388 113 82 0.579487 0.284635
389 113 82 0.579487 0.284635
390 114 82 0.581633 0.287154
391 114 82 0.581633 0.287154
392 115 82 0.583756 0.289673
393 115 82 0.583756 0.289673
394 115 83 0.580808 0.289673
395 115 83 0.580808 0.289673
396 116 83 0.582915 0.292191
397 116 83 0.582915 0.292191
398 117 83 0.585000 0.294710
399 117 83 0.585000 0.294710
400 117 84 0.582090 0.294710
401 117 84 0.582090 0.294710
402 117 85 0.579208 0.294710
403 117 85 0.579208 0.294710
404 117 86 0.576355 0.294710
405 117 86 0.576355 0.294710
406 118 86 0.578431 0.297229
407 118 86 0.578431 0.297229
408 119 86 0.580488 0.299748
409 119 86 0.580488 0.299748
410 120 86 0.582524 0.302267
411 120 86 0.582524 0.302267
412 121 86 0.584541 0.304786
413 121 86 0.584541 0.304786
414 122 86 0.586538 0.307305
415 122 86 0.586538 0.307305
416 123 86 0.588517 0.309824
417 123 86 0.588517 0.309824
418 124 86 0.590476 0.312343
419 124 86 0.590476 0.312343
420 125 86 0.592417 0.314861
421 125 86 0.592417 0.314861
422 126 86 0.594340 0.317380
423 126 86 0.594340 0.317380
424 126 87 0.591549 0.317380
425 126 87 0.591549 0.317380
426 127 87 0.593458 0.319899
427 127 87 0.593458 0.319899
428 128 87 0.595349 0.322418
429 128 87 0.595349 0.322418
430 129 87 0.597222 0.324937
431 129 87 0.597222 0.324937
432 130 87 0.599078 0.327456
433 130 87 0.599078 0.327456
434 130 88 0.596330 0.327456
435 130 88 0.596330 0.327456
436 131 88 0.598173 0.329975
437 131 88 0.598173 0.329975
438 132 88 0.600000 0.332494
439 132 88 0.600000 0.332494
440 133 88 0.601810 0.335013
441 133 88 0.601810 0.335013
442 134 88 0.603604 0.337531
443 134 88 0.603604 0.337531
444 135 88 0.605381 0.340050
445 135 88 0.605381 0.340050
446 136 88 0.607143 0.342569
447 136 88 0.607143 0.342569
448 137 88 0.608889 0.345088
449 137 88 0.608889 0.345088
450 138 88 0.610619 0.347607
451 138 88 0.610619 0.347607
452 139 88 0.612335 0.350126
453 139 88 0.612335 0.350126
454 140 88 0.614035 0.352645
455 140 88 0.614035 0.352645
456 141 88 0.615721 0.355164
457 141 88 0.615721 0.355164
458 142 88 0.617391 0.357683
459 142 88 0.617391 0.357683
460 143 88 0.619048 0.360202
461 143 88 0.619048 0.360202
462 143 89 0.616379 0.360202
463 143 89 0.616379 0.360202
464 144 89 0.618026 0.362720
465 144 89 0.618026 0.362720
466 145 89 0.619658 0.365239
467 145 89 0.619658 0.365239
468 145 90 0.617021 0.365239
469 145 90 0.617021 0.365239
470 146 90 0.618644 0.367758
471 146 90 0.618644 0.367758
472 147 90 0.620253 0.370277
473 147 90 0.620253 0.370277
474 148 90 0.621849 0.372796
475 148 90 0.621849 0.372796
476 149 90 0.623431 0.375315
477 149 90 0.623431 0.375315
478 150 90 0.625000 0.377834
479 150 90 0.625000 0.377834
480 151 90 0.626556 0.380353
481 151 90 0.626556 0.380353
482 152 90 0.628099 0.382872
483 152 90 0.628099 0.382872
484 153 90 0.629630 0.385390
485 153 90 0.629630 0.385390
486 154 90 0.631148 0.387909
487 154 90 0.631148 0.387909
488 155 90 0.632653 0.390428
489 155 90 0.632653 0.390428
490 155 91 0.630081 0.390428
491 155 91 0.630081 0.390428
492 156 91 0.631579 0.392947
493 156 91 0.631579 0.392947
494 157 91 0.633065 0.395466
495 157 91 0.633065 0.395466
496 157 92 0.630522 0.395466
497 157 92 0.630522 0.395466
498 157 93 0.628000 0.395466
499 157 93 0.628000 0.395466
500 158 93 0.629482 0.397985
501 158 93 0.629482 0.397985
502 158 94 0.626984 0.397985
503 158 94 0.626984 0.397985
504 158 95 0.624506 0.397985
505 158 95 0.624506 0.397985
506 159 95 0.625984 0.400504
507 159 95 0.625984 0.400504
508 160 95 0.627451 0.403023
509 160 95 0.627451 0.403023
510 160 96 0.625000 0.403023
511 160 96 0.625000 0.403023
512 161 96 0.626459 0.405542
513 161 96 0.626459 0.405542
514 162 96 0.627907 0.408060
515 162 96 0.627907 0.408060
516 162 97 0.625483 0.408060
517 162 97 0.625483 0.408060
518 163 97 0.626923 0.410579
519 163 97 0.626923 0.410579
520 164 97 0.628352 0.413098
521 164 97 0.628352 0.413098
522 165 97 0.629771 0.415617
523 165 97 0.629771 0.415617
524 166 97 0.631179 0.418136
525 166 97 0.631179 0.418136
526 166 98 0.628788 0.418136
527 166 98 0.628788 0.418136
528 167 98 0.630189 0.420655
529 167 98 0.630189 0.420655
530 168 98 0.631579 0.423174
531 168 98 0.631579 0.423174
532 169 98 0.632959 0.425693
533 169 98 0.632959 0.425693
534 169 99 0.630597 0.425693
535 169 99 0.630597 0.425693
536 170 99 0.631970 0.428212
537 170 99 0.631970 0.428212
538 171 99 0.633333 0.430730
539 171 99 0.633333 0.430730
540 172 99 0.634686 0.433249
541 172 99 0.634686 0.433249
542 173 99 0.636029 0.435768
543 173 99 0.636029 0.435768
544 173 100 0.633700 0.435768
545 173 100 0.633700 0.435768
546 173 101 0.631387 0.435768
547 173 101 0.631387 0.435768
548 174 101 0.632727 0.438287
549 174 101 0.632727 0.438287
550 174 102 0.630435 0.438287
551 174 102 0.630435 0.438287
552 175 102 0.631769 0.440806
553 175 102 0.631769 0.440806
554 175 103 0.629496 0.440806
555 175 103 0.629496 0.440806
556 176 103 0.630824 0.443325
557 176 103 0.630824 0.443325
558 177 103 0.632143 0.445844
559 177 103 0.632143 0.445844
560 177 104 0.629893 0.445844
561 177 104 0.629893 0.445844
562 178 104 0.631206 0.448363
563 178 104 0.631206 0.448363
564 178 105 0.628975 0.448363
565 178 105 0.628975 0.448363
566 178 106 0.626761 0.448363
567 178 106 0.626761 0.448363
568 179 106 0.628070 0.450882
569 179 106 0.628070 0.450882
570 180 106 0.629371 0.453400
571 180 106 0.629371 0.453400
572 181 106 0.630662 0.455919
573 181 106 0.630662 0.455919
574 182 106 0.631944 0.458438
575 182 106 0.631944 0.458438
576 183 106 0.633218 0.460957
577 183 106 0.633218 0.460957
578 184 106 0.634483 0.463476
579 184 106 0.634483 0.463476
580 185 106 0.635739 0.465995
581 185 106 0.635739 0.465995
582 186 106 0.636986 0.468514
583 186 106 0.636986 0.468514
584 187 106 0.638225 0.471033
585 187 106 0.638225 0.471033
586 188 106 0.639456 0.473552
587 188 106 0.639456 0.473552
588 189 106 0.640678 0.476071
589 189 106 0.640678 0.476071
590 189 107 0.638514 0.476071
591 189 107 0.638514 0.476071
592 190 107 0.639731 0.478589
593 190 107 0.639731 0.478589
594 191 107 0.640940 0.481108
595 191 107 0.640940 0.481108
596 191 108 0.638796 0.481108
597 191 108 0.638796 0.481108
598 191 109 0.636667 0.481108
599 191 109 0.636667 0.481108
600 192 109 0.637874 0.483627
601 192 109 0.637874 0.483627
602 193 109 0.639073 0.486146
603 193 109 0.639073 0.486146
604 194 109 0.640264 0.488665
605 194 109 0.640264 0.488665
606 195 109 0.641447 0.491184
607 195 109 0.641447 0.491184
608 195 110 0.639344 0.491184
609 195 110 0.639344 0.491184
610 195 111 0.637255 0.491184
611 195 111 0.637255 0.491184
612 195 112 0.635179 0.491184
613 195 112 0.635179 0.491184
614 195 113 0.633117 0.491184
615 195 113 0.633117 0.491184
616 196 113 0.634304 0.493703
617 196 113 0.634304 0.493703
618 197 113 0.635484 0.496222
619 197 113 0.635484 0.496222
620 197 114 0.633440 0.496222
621 197 114 0.633440 0.496222
622 197 115 0.631410 0.496222
623 197 115 0.631410 0.496222
624 198 115 0.632588 0.498741
625 198 115 0.632588 0.498741
626 199 115 0.633758 0.501259
627 199 115 0.633758 0.501259
628 200 115 0.634921 0.503778
629 200 115 0.634921 0.503778
630 201 115 0.636076 0.506297
631 201 115 0.636076 0.506297
632 202 115 0.637224 0.508816
633 202 115 0.637224 0.508816
634 203 115 0.638365 0.511335
635 203 115 0.638365 0.511335
636 204 115 0.639498 0.513854
637 204 115 0.639498 0.513854
638 205 115 0.640625 0.516373
639 205 115 0.640625 0.516373
640 206 115 0.641745 0.518892
641 206 115 0.641745 0.518892
642 207 115 0.642857 0.521411
643 207 115 0.642857 0.521411
644 207 116 0.640867 0.521411
645 207 116 0.640867 0.521411
646 208 116 0.641975 0.523929
647 208 116 0.641975 0.523929
648 208 117 0.640000 0.523929
649 208 117 0.640000 0.523929
650 209 117 0.641104 0.526448
651 209 117 0.641104 0.526448
652 210 117 0.642202 0.528967
653 210 117 0.642202 0.528967
654 211 117 0.643293 0.531486
655 211 117 0.643293 0.531486
656 211 118 0.641337 0.531486
657 211 118 0.641337 0.531486
658 211 119 0.639394 0.531486
659 211 119 0.639394 0.531486
660 212 119 0.640483 0.534005
661 212 119 0.640483 0.534005
662 213 119 0.641566 0.536524
663 213 119 0.641566 0.536524
664 214 119 0.642643 0.539043
665 214 119 0.642643 0.539043
666 214 120 0.640719 0.539043
667 214 120 0.640719 0.539043
668 215 120 0.641791 0.541562
669 215 120 0.641791 0.541562
670 215 121 0.639881 0.541562
671 215 121 0.639881 0.541562
672 215 122 0.637982 0.541562
673 215 122 0.637982 0.541562
674 215 123 0.636095 0.541562
675 215 123 0.636095 0.541562
676 215 124 0.634218 0.541562
677 215 124 0.634218 0.541562
678 216 124 0.635294 0.544081
679 216 124 0.635294 0.544081
680 217 124 0.636364 0.546600
681 217 124 0.636364 0.546600
682 217 125 0.634503 0.546600
683 217 125 0.634503 0.546600
684 217 126 0.632653 0.546600
685 217 126 0.632653 0.546600
686 217 127 0.630814 0.546600
687 217 127 0.630814 0.546600
688 218 127 0.631884 0.549118
689 218 127 0.631884 0.549118
690 218 128 0.630058 0.549118
691 218 128 0.630058 0.549118
692 219 128 0.631124 0.551637
693 219 128 0.631124 0.551637
694 220 128 0.632184 0.554156
695 220 128 0.632184 0.554156
696 221 128 0.633238 0.556675
697 221 128 0.633238 0.556675
698 222 128 0.634286 0.559194
699 222 128 0.634286 0.559194
700 223 128 0.635328 0.561713
701 223 128 0.635328 0.561713
702 224 128 0.636364 0.564232
703 224 128 0.636364 0.564232
704 225 128 0.637394 0.566751
705 225 128 0.637394 0.566751
706 226 128 0.638418 0.569270
707 226 128 0.638418 0.569270
708 227 128 0.639437 0.571788
709 227 128 0.639437 0.571788
710 227 129 0.637640 0.571788
711 227 129 0.637640 0.571788
712 228 129 0.638655 0.574307
713 228 129 0.638655 0.574307
714 228 130 0.636872 0.574307
715 228 130 0.636872 0.574307
716 228 131 0.635098 0.574307
717 228 131 0.635098 0.574307
718 228 132 0.633333 0.574307
719 228 132 0.633333 0.574307
720 229 132 0.634349 0.576826
721 229 132 0.634349 0.576826
722 230 132 0.635359 0.579345
723 230 132 0.635359 0.579345
724 231 132 0.636364 0.581864
725 231 132 0.636364 0.581864
726 232 132 0.637363 0.584383
727 232 132 0.637363 0.584383
728 233 132 0.638356 0.586902
729 233 132 0.638356 0.586902
730 233 133 0.636612 0.586902
731 233 133 0.636612 0.586902
732 234 133 0.637602 0.589421
733 234 133 0.637602 0.589421
734 235 133 0.638587 0.591940
735 235 133 0.638587 0.591940
736 236 133 0.639566 0.594458
737 236 133 0.639566 0.594458
738 237 133 0.640541 0.596977
739 237 133 0.640541 0.596977
740 238 133 0.641509 0.599496
741 238 133 0.641509 0.599496
742 239 133 0.642473 0.602015
743 239 133 0.642473 0.602015
744 239 134 0.640751 0.602015
745 239 134 0.640751 0.602015
746 239 135 0.639037 0.602015
747 239 135 0.639037 0.602015
748 240 135 0.640000 0.604534
749 240 135 0.640000 0.604534
750 241 135 0.640957 0.607053
751 241 135 0.640957 0.607053
752 241 136 0.639257 0.607053
753 241 136 0.639257 0.607053
754 242 136 0.640212 0.609572
755 242 136 0.640212 0.609572
756 243 136 0.641161 0.612091
757 243 136 0.641161 0.612091
758 244 136 0.642105 0.614610
759 244 136 0.642105 0.614610
760 245 136 0.643045 0.617128
761 245 136 0.643045 0.617128
762 246 136 0.643979 0.619647
763 246 136 0.643979 0.619647
764 247 136 0.644909 0.622166
765 247 136 0.644909 0.622166
766 248 136 0.645833 0.624685
767 248 136 0.645833 0.624685
768 248 137 0.644156 0.624685
769 248 137 0.644156 0.624685
770 249 137 0.645078 0.627204
771 249 137 0.645078 0.627204
772 250 137 0.645995 0.629723
773 250 137 0.645995 0.629723
774 250 138 0.644330 0.629723
775 250 138 0.644330 0.629723
776 251 138 0.645244 0.632242
777 251 138 0.645244 0.632242
778 252 138 0.646154 0.634761
779 252 138 0.646154 0.634761
780 253 138 0.647059 0.637280
781 253 138 0.647059 0.637280
782 254 138 0.647959 0.639798
783 254 138 0.647959 0.639798
784 255 138 0.648855 0.642317
785 255 138 0.648855 0.642317
786 256 138 0.649746 0.644836
787 256 138 0.649746 0.644836
788 257 138 0.650633 0.647355
789 257 138 0.650633 0.647355
790 258 138 0.651515 0.649874
791 258 138 0.651515 0.649874
792 259 138 0.652393 0.652393
793 259 138 0.652393 0.652393
794 260 138 0.653266 0.654912
795 260 138 0.653266 0.654912
796 261 138 0.654135 0.657431
797 261 138 0.654135 0.657431
798 262 138 0.655000 0.659950
799 262 138 0.655000 0.659950
800 262 139 0.653367 0.659950
801 262 139 0.653367 0.659950
802 263 139 0.654229 0.662468
803 263 139 0.654229 0.662468
804 264 139 0.655087 0.664987
805 264 139 0.655087 0.664987
806 265 139 0.655941 0.667506
807 265 139 0.655941 0.667506
808 266 139 0.656790 0.670025
809 266 139 0.656790 0.670025
810 267 139 0.657635 0.672544
811 267 139 0.657635 0.672544
812 268 139 0.658477 0.675063
813 268 139 0.658477 0.675063
814 269 139 0.659314 0.677582
815 269 139 0.659314 0.677582
816 270 139 0.660147 0.680101
817 270 139 0.660147 0.680101
818 271 139 0.660976 0.682620
819 271 139 0.660976 0.682620
820 272 139 0.661801 0.685139
821 272 139 0.661801 0.685139
822 273 139 0.662621 0.687657
823 273 139 0.662621 0.687657
824 274 139 0.663438 0.690176
825 274 139 0.663438 0.690176
826 275 139 0.664251 0.692695
827 275 139 0.664251 0.692695
828 276 139 0.665060 0.695214
829 276 139 0.665060 0.695214
830 277 139 0.665865 0.697733
831 277 139 0.665865 0.697733
832 278 139 0.666667 0.700252
833 278 139 0.666667 0.700252
834 279 139 0.667464 0.702771
835 279 139 0.667464 0.702771
836 280 139 0.668258 0.705290
837 280 139 0.668258 0.705290
838 280 140 0.666667 0.705290
839 280 140 0.666667 0.705290
840 280 141 0.665083 0.705290
841 280 141 0.665083 0.705290
842 281 141 0.665877 0.707809
843 281 141 0.665877 0.707809
844 282 141 0.666667 0.710327
845 282 141 0.666667 0.710327
846 283 141 0.667453 0.712846
847 283 141 0.667453 0.712846
848 284 141 0.668235 0.715365
849 284 141 0.668235 0.715365
850 285 141 0.669014 0.717884
851 285 141 0.669014 0.717884
852 286 141 0.669789 0.720403
853 286 141 0.669789 0.720403
854 287 141 0.670561 0.722922
855 287 141 0.670561 0.722922
856 288 141 0.671329 0.725441
857 288 141 0.671329 0.725441
858 289 141 0.672093 0.727960
859 289 141 0.672093 0.727960
860 290 141 0.672854 0.730479
861 290 141 0.672854 0.730479
862 290 142 0.671296 0.730479
863 290 142 0.671296 0.730479
864 291 142 0.672055 0.732997
865 291 142 0.672055 0.732997
866 292 142 0.672811 0.735516
867 292 142 0.672811 0.735516
868 292 143 0.671264 0.735516
869 292 143 0.671264 0.735516
870 292 143 0.671264 0.735516
871 292 143 0.671264 0.735516
872 292 143 0.671264 0.735516
873 292 143 0.671264 0.735516
874 292 143 0.671264 0.735516
875 292 143 0.671264 0.735516
876 292 143 0.671264 0.735516
877 292 143 0.671264 0.735516
878 292 143 0.671264 0.735516
879 292 143 0.671264 0.735516
880 292 143 0.671264 0.735516
881 292 143 0.671264 0.735516
882 292 143 0.671264 0.735516
883 292 143 0.671264 0.735516
884 292 143 0.671264 0.735516
885 292 143 0.671264 0.735516
886 292 143 0.671264 0.735516
887 292 143 0.671264 0.735516
888 292 143 0.671264 0.735516
889 292 143 0.671264 0.735516
890 292 143 0.671264 0.735516
891 292 143 0.671264 0.735516
892 292 143 0.671264 0.735516
893 292 143 0.671264 0.735516
894 292 143 0.671264 0.735516
895 292 143 0.671264 0.735516
896 292 143 0.671264 0.735516
897 292 143 0.671264 0.735516
898 292 143 0.671264 0.735516
899 292 143 0.671264 0.735516
900 292 143 0.671264 0.735516
901 292 143 0.671264 0.735516
902 292 143 0.671264 0.735516
903 292 143 0.671264 0.735516
904 292 143 0.671264 0.735516
905 292 143 0.671264 0.735516
906 292 143 0.671264 0.735516
907 292 143 0.671264 0.735516
908 292 143 0.671264 0.735516
909 292 143 0.671264 0.735516
910 292 143 0.671264 0.735516
911 292 143 0.671264 0.735516
912 292 143 0.671264 0.735516
913 292 143 0.671264 0.735516
914 292 143 0.671264 0.735516
915 292 143 0.671264 0.735516
916 292 143 0.671264 0.735516
917 292 143 0.671264 0.735516
918 292 143 0.671264 0.735516
919 292 143 0.671264 0.735516
920 292 143 0.671264 0.735516
921 292 143 0.671264 0.735516
922 292 143 0.671264 0.735516
923 292 143 0.671264 0.735516
924 292 143 0.671264 0.735516
925 292 143 0.671264 0.735516
926 292 143 0.671264 0.735516
927 292 143 0.671264 0.735516
928 292 143 0.671264 0.735516
929 292 143 0.671264 0.735516
930 292 143 0.671264 0.735516
931 292 143 0.671264 0.735516
932 292 143 0.671264 0.735516
933 292 143 0.671264 0.735516
934 292 143 0.671264 0.735516
935 292 143 0.671264 0.735516
936 292 143 0.671264 0.735516
937 292 143 0.671264 0.735516
938 292 143 0.671264 0.735516
939 292 143 0.671264 0.735516
940 292 143 0.671264 0.735516
941 292 143 0.671264 0.735516
942 292 143 0.671264 0.735516
943 292 143 0.671264 0.735516
944 292 143 0.671264 0.735516
945 292 143 0.671264 0.735516
946 292 143 0.671264 0.735516
947 292 143 0.671264 0.735516
948 292 143 0.671264 0.735516
949 292 143 0.671264 0.735516
950 292 143 0.671264 0.735516
951 292 143 0.671264 0.735516
952 292 143 0.671264 0.735516
953 292 143 0.671264 0.735516
954 292 143 0.671264 0.735516
955 292 143 0.671264 0.735516
956 292 143 0.671264 0.735516
957 292 143 0.671264 0.735516
958 292 143 0.671264 0.735516
959 292 143 0.671264 0.735516
960 292 143 0.671264 0.735516
961 292 143 0.671264 0.735516
962 292 143 0.671264 0.735516
963 292 143 0.671264 0.735516
964 292 143 0.671264 0.735516
965 292 143 0.671264 0.735516
966 292 143 0.671264 0.735516
967 292 143 0.671264 0.735516
968 292 143 0.671264 0.735516
969 292 143 0.671264 0.735516
970 292 143 0.671264 0.735516
971 292 143 0.671264 0.735516
972 292 143 0.671264 0.735516
973 292 143 0.671264 0.735516
974 292 143 0.671264 0.735516
975 292 143 0.671264 0.735516
976 292 143 0.671264 0.735516
977 292 143 0.671264 0.735516
978 292 143 0.671264 0.735516
979 292 143 0.671264 0.735516
980 292 143 0.671264 0.735516
981 292 143 0.671264 0.735516
982 292 143 0.671264 0.735516
983 292 143 0.671264 0.735516
984 292 143 0.671264 0.735516
985 292 143 0.671264 0.735516
986 292 143 0.671264 0.735516
987 292 143 0.671264 0.735516
988 292 143 0.671264 0.735516
989 292 143 0.671264 0.735516
990 292 143 0.671264 0.735516
991 292 143 0.671264 0.735516
992 292 143 0.671264 0.735516
993 292 143 0.671264 0.735516
994 292 143 0.671264 0.735516
995 292 143 0.671264 0.735516
996 292 143 0.671264 0.735516
997 292 143 0.671264 0.735516
998 292 143 0.671264 0.735516
999 292 143 0.671264 0.735516
1000 292 143 0.671264 0.735516
1001 292 143 0.671264 0.735516
1002 292 143 0.671264 0.735516
1003 292 143 0.671264 0.735516
1004 292 143 0.671264 0.735516
1005 292 143 0.671264 0.735516
1006 292 143 0.671264 0.735516
1007 292 143 0.671264 0.735516
1008 292 143 0.671264 0.735516
1009 292 143 0.671264 0.735516
1010 292 143 0.671264 0.735516
1011 292 143 0.671264 0.735516
1012 292 143 0.671264 0.735516
1013 292 143 0.671264 0.735516
1014 292 143 0.671264 0.735516
1015 292 143 0.671264 0.735516
1016 292 143 0.671264 0.735516
1017 292 143 0.671264 0.735516
1018 292 143 0.671264 0.735516
1019 292 143 0.671264 0.735516
1020 292 143 0.671264 0.735516
1021 292 143 0.671264 0.735516
1022 292 143 0.671264 0.735516
1023 292 143 0.671264 0.735516
1024 292 143 0.671264 0.735516
1025 292 143 0.671264 0.735516
1026 292 143 0.671264 0.735516
1027 292 143 0.671264 0.735516
1028 292 143 0.671264 0.735516
1029 292 143 0.671264 0.735516
1030 292 143 0.671264 0.735516
1031 292 143 0.671264 0.735516
1032 292 143 0.671264 0.735516
1033 292 143 0.671264 0.735516
1034 292 143 0.671264 0.735516
1035 292 143 0.671264 0.735516
1036 292 143 0.671264 0.735516
1037 292 143 0.671264 0.735516
1038 292 143 0.671264 0.735516
1039 292 143 0.671264 0.735516
1040 292 143 0.671264 0.735516
1041 292 143 0.671264 0.735516
1042 292 143 0.671264 0.735516
1043 292 143 0.671264 0.735516
1044 292 143 0.671264 0.735516
1045 292 143 0.671264 0.735516
1046 292 143 0.671264 0.735516
1047 292 143 0.671264 0.735516
1048 292 143 0.671264 0.735516
1049 292 143 0.671264 0.735516
1050 292 143 0.671264 0.735516
1051 292 143 0.671264 0.735516
1052 292 143 0.671264 0.735516
1053 292 143 0.671264 0.735516
1054 292 143 0.671264 0.735516
1055 292 143 0.671264 0.735516
1056 292 143 0.671264 0.735516
1057 292 143 0.671264 0.735516
1058 292 143 0.671264 0.735516
1059 292 143 0.671264 0.735516
1060 292 143 0.671264 0.735516
1061 292 143 0.671264 0.735516
1062 292 143 0.671264 0.735516
1063 292 143 0.671264 0.735516
1064 292 143 0.671264 0.735516
1065 292 143 0.671264 0.735516
1066 292 143 0.671264 0.735516
1067 292 143 0.671264 0.735516
1068 292 143 0.671264 0.735516
1069 292 143 0.671264 0.735516
1070 292 143 0.671264 0.735516
1071 292 143 0.671264 0.735516
1072 292 143 0.671264 0.735516
1073 292 143 0.671264 0.735516
1074 292 143 0.671264 0.735516
1075 292 143 0.671264 0.735516
1076 292 143 0.671264 0.735516
1077 292 143 0.671264 0.735516
1078 292 143 0.671264 0.735516
1079 292 143 0.671264 0.735516
1080 292 143 0.671264 0.735516
1081 292 143 0.671264 0.735516
1082 292 143 0.671264 0.735516
1083 292 143 0.671264 0.735516
1084 292 143 0.671264 0.735516
1085 292 143 0.671264 0.735516
1086 292 143 0.671264 0.735516
1087 292 143 0.671264 0.735516
1088 292 143 0.671264 0.735516
1089 292 143 0.671264 0.735516
1090 292 143 0.671264 0.735516
1091 292 143 0.671264 0.735516
1092 292 143 0.671264 0.735516
1093 292 143 0.671264 0.735516
1094 292 143 0.671264 0.735516
1095 292 143 0.671264 0.735516
1096 292 143 0.671264 0.735516
1097 292 143 0.671264 0.735516
1098 292 143 0.671264 0.735516
1099 292 143 0.671264 0.735516
1100 292 143 0.671264 0.735516
1101 292 143 0.671264 0.735516
1102 292 143 0.671264 0.735516
1103 292 143 0.671264 0.735516
1104 292 143 0.671264 0.735516
1105 292 143 0.671264 0.735516
1106 292 143 0.671264 0.735516
1107 292 143 0.671264 0.735516
1108 292 143 0.671264 0.735516
1109 292 143 0.671264 0.735516
1110 292 143 0.671264 0.735516
1111 292 143 0.671264 0.735516
1112 292 143 0.671264 0.735516
1113 292 143 0.671264 0.735516
1114 292 143 0.671264 0.735516
1115 292 143 0.671264 0.735516
1116 292 143 0.671264 0.735516
1117 292 143 0.671264 0.735516
1118 292 143 0.671264 0.735516
1119 292 143 0.671264 0.735516
1120 292 143 0.671264 0.735516
1121 292 143 0.671264 0.735516
1122 292 143 0.671264 0.735516
1123 292 143 0.671264 0.735516
1124 292 143 0.671264 0.735516
1125 292 143 0.671264 0.735516
1126 292 143 0.671264 0.735516
1127 292 143 0.671264 0.735516
1128 292 143 0.671264 0.735516
1129 292 143 0.671264 0.735516
1130 292 143 0.671264 0.735516
1131 292 143 0.671264 0.735516
1132 292 143 0.671264 0.735516
