Index,TP,FP,Precision,Recall 
0 0 1 0 0.000000
1 0 1 0 0.000000
2 1 1 0.500000 0.002463
3 1 1 0.500000 0.002463
4 1 2 0.333333 0.002463
5 1 2 0.333333 0.002463
6 2 2 0.500000 0.004926
7 2 2 0.500000 0.004926
8 2 3 0.400000 0.004926
9 2 3 0.400000 0.004926
10 2 4 0.333333 0.004926
11 2 4 0.333333 0.004926
12 3 4 0.428571 0.007389
13 3 4 0.428571 0.007389
14 4 4 0.500000 0.009852
15 4 4 0.500000 0.009852
16 5 4 0.555556 0.012315
17 5 4 0.555556 0.012315
18 5 5 0.500000 0.012315
19 5 5 0.500000 0.012315
20 5 6 0.454545 0.012315
21 5 6 0.454545 0.012315
22 5 7 0.416667 0.012315
23 5 7 0.416667 0.012315
24 6 7 0.461538 0.014778
25 6 7 0.461538 0.014778
26 7 7 0.500000 0.017241
27 7 7 0.500000 0.017241
28 8 7 0.533333 0.019704
29 8 7 0.533333 0.019704
30 8 8 0.500000 0.019704
31 8 8 0.500000 0.019704
32 9 8 0.529412 0.022167
33 9 8 0.529412 0.022167
34 10 8 0.555556 0.024631
35 10 8 0.555556 0.024631
36 11 8 0.578947 0.027094
37 11 8 0.578947 0.027094
38 11 9 0.550000 0.027094
39 11 9 0.550000 0.027094
40 11 10 0.523810 0.027094
41 11 10 0.523810 0.027094
42 11 11 0.500000 0.027094
43 11 11 0.500000 0.027094
44 11 12 0.478261 0.027094
45 11 12 0.478261 0.027094
46 12 12 0.500000 0.029557
47 12 12 0.500000 0.029557
48 12 13 0.480000 0.029557
49 12 13 0.480000 0.029557
50 12 14 0.461538 0.029557
51 12 14 0.461538 0.029557
52 13 14 0.481481 0.032020
53 13 14 0.481481 0.032020
54 13 15 0.464286 0.032020
55 13 15 0.464286 0.032020
56 13 16 0.448276 0.032020
57 13 16 0.448276 0.032020
58 13 17 0.433333 0.032020
59 13 17 0.433333 0.032020
60 14 17 0.451613 0.034483
61 14 17 0.451613 0.034483
62 14 18 0.437500 0.034483
63 14 18 0.437500 0.034483
64 14 19 0.424242 0.034483
65 14 19 0.424242 0.034483
66 14 20 0.411765 0.034483
67 14 20 0.411765 0.034483
68 14 21 0.400000 0.034483
69 14 21 0.400000 0.034483
70 14 22 0.388889 0.034483
71 14 22 0.388889 0.034483
72 14 23 0.378378 0.034483
73 14 23 0.378378 0.034483
74 15 23 0.394737 0.036946
75 15 23 0.394737 0.036946
76 16 23 0.410256 0.039409
77 16 23 0.410256 0.039409
78 16 24 0.400000 0.039409
79 16 24 0.400000 0.039409
80 16 25 0.390244 0.039409
81 16 25 0.390244 0.039409
82 16 26 0.380952 0.039409
83 16 26 0.380952 0.039409
84 17 26 0.395349 0.041872
85 17 26 0.395349 0.041872
86 18 26 0.409091 0.044335
87 18 26 0.409091 0.044335
88 18 27 0.400000 0.044335
89 18 27 0.400000 0.044335
90 18 28 0.391304 0.044335
91 18 28 0.391304 0.044335
92 18 29 0.382979 0.044335
93 18 29 0.382979 0.044335
94 19 29 0.395833 0.046798
95 19 29 0.395833 0.046798
96 19 30 0.387755 0.046798
97 19 30 0.387755 0.046798
98 20 30 0.400000 0.049261
99 20 30 0.400000 0.049261
100 21 30 0.411765 0.051724
101 21 30 0.411765 0.051724
102 21 31 0.403846 0.051724
103 21 31 0.403846 0.051724
104 22 31 0.415094 0.054187
105 22 31 0.415094 0.054187
106 22 32 0.407407 0.054187
107 22 32 0.407407 0.054187
108 22 33 0.400000 0.054187
109 22 33 0.400000 0.054187
110 22 34 0.392857 0.054187
111 22 34 0.392857 0.054187
112 23 34 0.403509 0.056650
113 23 34 0.403509 0.056650
114 23 35 0.396552 0.056650
115 23 35 0.396552 0.056650
116 23 36 0.389830 0.056650
117 23 36 0.389830 0.056650
118 23 37 0.383333 0.056650
119 23 37 0.383333 0.056650
120 24 37 0.393443 0.059113
121 24 37 0.393443 0.059113
122 24 38 0.387097 0.059113
123 24 38 0.387097 0.059113
124 24 39 0.380952 0.059113
125 24 39 0.380952 0.059113
126 25 39 0.390625 0.061576
127 25 39 0.390625 0.061576
128 26 39 0.400000 0.064039
129 26 39 0.400000 0.064039
130 26 40 0.393939 0.064039
131 26 40 0.393939 0.064039
132 27 40 0.402985 0.066502
133 27 40 0.402985 0.066502
134 27 41 0.397059 0.066502
135 27 41 0.397059 0.066502
136 28 41 0.405797 0.068966
137 28 41 0.405797 0.068966
138 28 42 0.400000 0.068966
139 28 42 0.400000 0.068966
140 29 42 0.408451 0.071429
141 29 42 0.408451 0.071429
142 29 43 0.402778 0.071429
143 29 43 0.402778 0.071429
144 29 44 0.397260 0.071429
145 29 44 0.397260 0.071429
146 29 45 0.391892 0.071429
147 29 45 0.391892 0.071429
148 29 46 0.386667 0.071429
149 29 46 0.386667 0.071429
150 29 47 0.381579 0.071429
151 29 47 0.381579 0.071429
152 30 47 0.389610 0.073892
153 30 47 0.389610 0.073892
154 31 47 0.397436 0.076355
155 31 47 0.397436 0.076355
156 32 47 0.405063 0.078818
157 32 47 0.405063 0.078818
158 33 47 0.412500 0.081281
159 33 47 0.412500 0.081281
160 33 48 0.407407 0.081281
161 33 48 0.407407 0.081281
162 34 48 0.414634 0.083744
163 34 48 0.414634 0.083744
164 35 48 0.421687 0.086207
165 35 48 0.421687 0.086207
166 35 49 0.416667 0.086207
167 35 49 0.416667 0.086207
168 35 50 0.411765 0.086207
169 35 50 0.411765 0.086207
170 35 51 0.406977 0.086207
171 35 51 0.406977 0.086207
172 36 51 0.413793 0.088670
173 36 51 0.413793 0.088670
174 37 51 0.420455 0.091133
175 37 51 0.420455 0.091133
176 38 51 0.426966 0.093596
177 38 51 0.426966 0.093596
178 39 51 0.433333 0.096059
179 39 51 0.433333 0.096059
180 40 51 0.439560 0.098522
181 40 51 0.439560 0.098522
182 41 51 0.445652 0.100985
183 41 51 0.445652 0.100985
184 41 52 0.440860 0.100985
185 41 52 0.440860 0.100985
186 42 52 0.446809 0.103448
187 42 52 0.446809 0.103448
188 43 52 0.452632 0.105911
189 43 52 0.452632 0.105911
190 44 52 0.458333 0.108374
191 44 52 0.458333 0.108374
192 44 53 0.453608 0.108374
193 44 53 0.453608 0.108374
194 45 53 0.459184 0.110837
195 45 53 0.459184 0.110837
196 46 53 0.464646 0.113300
197 46 53 0.464646 0.113300
198 47 53 0.470000 0.115764
199 47 53 0.470000 0.115764
200 48 53 0.475248 0.118227
201 48 53 0.475248 0.118227
202 49 53 0.480392 0.120690
203 49 53 0.480392 0.120690
204 49 54 0.475728 0.120690
205 49 54 0.475728 0.120690
206 50 54 0.480769 0.123153
207 50 54 0.480769 0.123153
208 51 54 0.485714 0.125616
209 51 54 0.485714 0.125616
210 52 54 0.490566 0.128079
211 52 54 0.490566 0.128079
212 53 54 0.495327 0.130542
213 53 54 0.495327 0.130542
214 54 54 0.500000 0.133005
215 54 54 0.500000 0.133005
216 54 55 0.495413 0.133005
217 54 55 0.495413 0.133005
218 55 55 0.500000 0.135468
219 55 55 0.500000 0.135468
220 56 55 0.504505 0.137931
221 56 55 0.504505 0.137931
222 57 55 0.508929 0.140394
223 57 55 0.508929 0.140394
224 57 56 0.504425 0.140394
225 57 56 0.504425 0.140394
226 58 56 0.508772 0.142857
227 58 56 0.508772 0.142857
228 59 56 0.513043 0.145320
229 59 56 0.513043 0.145320
230 60 56 0.517241 0.147783
231 60 56 0.517241 0.147783
232 60 57 0.512821 0.147783
233 60 57 0.512821 0.147783
234 61 57 0.516949 0.150246
235 61 57 0.516949 0.150246
236 62 57 0.521008 0.152709
237 62 57 0.521008 0.152709
238 63 57 0.525000 0.155172
239 63 57 0.525000 0.155172
240 64 57 0.528926 0.157635
241 64 57 0.528926 0.157635
242 65 57 0.532787 0.160099
243 65 57 0.532787 0.160099
244 66 57 0.536585 0.162562
245 66 57 0.536585 0.162562
246 67 57 0.540323 0.165025
247 67 57 0.540323 0.165025
248 68 57 0.544000 0.167488
249 68 57 0.544000 0.167488
250 68 58 0.539683 0.167488
251 68 58 0.539683 0.167488
252 69 58 0.543307 0.169951
253 69 58 0.543307 0.169951
254 70 58 0.546875 0.172414
255 70 58 0.546875 0.172414
256 70 59 0.542636 0.172414
257 70 59 0.542636 0.172414
258 71 59 0.546154 0.174877
259 71 59 0.546154 0.174877
260 71 60 0.541985 0.174877
261 71 60 0.541985 0.174877
262 71 61 0.537879 0.174877
263 71 61 0.537879 0.174877
264 72 61 0.541353 0.177340
265 72 61 0.541353 0.177340
266 73 61 0.544776 0.179803
267 73 61 0.544776 0.179803
268 74 61 0.548148 0.182266
269 74 61 0.548148 0.182266
270 75 61 0.551471 0.184729
271 75 61 0.551471 0.184729
272 76 61 0.554745 0.187192
273 76 61 0.554745 0.187192
274 76 62 0.550725 0.187192
275 76 62 0.550725 0.187192
276 76 63 0.546763 0.187192
277 76 63 0.546763 0.187192
278 76 64 0.542857 0.187192
279 76 64 0.542857 0.187192
280 77 64 0.546099 0.189655
281 77 64 0.546099 0.189655
282 77 65 0.542253 0.189655
283 77 65 0.542253 0.189655
284 78 65 0.545455 0.192118
285 78 65 0.545455 0.192118
286 78 66 0.541667 0.192118
287 78 66 0.541667 0.192118
288 79 66 0.544828 0.194581
289 79 66 0.544828 0.194581
290 80 66 0.547945 0.197044
291 80 66 0.547945 0.197044
292 80 67 0.544218 0.197044
293 80 67 0.544218 0.197044
294 81 67 0.547297 0.199507
295 81 67 0.547297 0.199507
296 81 68 0.543624 0.199507
297 81 68 0.543624 0.199507
298 82 68 0.546667 0.201970
299 82 68 0.546667 0.201970
300 83 68 0.549669 0.204434
301 83 68 0.549669 0.204434
302 84 68 0.552632 0.206897
303 84 68 0.552632 0.206897
304 85 68 0.555556 0.209360
305 85 68 0.555556 0.209360
306 86 68 0.558442 0.211823
307 86 68 0.558442 0.211823
308 86 69 0.554839 0.211823
309 86 69 0.554839 0.211823
310 86 70 0.551282 0.211823
311 86 70 0.551282 0.211823
312 87 70 0.554140 0.214286
313 87 70 0.554140 0.214286
314 87 71 0.550633 0.214286
315 87 71 0.550633 0.214286
316 88 71 0.553459 0.216749
317 88 71 0.553459 0.216749
318 89 71 0.556250 0.219212
319 89 71 0.556250 0.219212
320 89 72 0.552795 0.219212
321 89 72 0.552795 0.219212
322 90 72 0.555556 0.221675
323 90 72 0.555556 0.221675
324 91 72 0.558282 0.224138
325 91 72 0.558282 0.224138
326 92 72 0.560976 0.226601
327 92 72 0.560976 0.226601
328 93 72 0.563636 0.229064
329 93 72 0.563636 0.229064
330 94 72 0.566265 0.231527
331 94 72 0.566265 0.231527
332 95 72 0.568862 0.233990
333 95 72 0.568862 0.233990
334 96 72 0.571429 0.236453
335 96 72 0.571429 0.236453
336 96 73 0.568047 0.236453
337 96 73 0.568047 0.236453
338 97 73 0.570588 0.238916
339 97 73 0.570588 0.238916
340 98 73 0.573099 0.241379
341 98 73 0.573099 0.241379
342 99 73 0.575581 0.243842
343 99 73 0.575581 0.243842
344 99 74 0.572254 0.243842
345 99 74 0.572254 0.243842
346 99 75 0.568965 0.243842
347 99 75 0.568965 0.243842
348 100 75 0.571429 0.246305
349 100 75 0.571429 0.246305
350 101 75 0.573864 0.248768
351 101 75 0.573864 0.248768
352 102 75 0.576271 0.251232
353 102 75 0.576271 0.251232
354 103 75 0.578652 0.253695
355 103 75 0.578652 0.253695
356 104 75 0.581006 0.256158
357 104 75 0.581006 0.256158
358 105 75 0.583333 0.258621
359 105 75 0.583333 0.258621
360 106 75 0.585635 0.261084
361 106 75 0.585635 0.261084
362 107 75 0.587912 0.263547
363 107 75 0.587912 0.263547
364 108 75 0.590164 0.266010
365 108 75 0.590164 0.266010
366 108 76 0.586957 0.266010
367 108 76 0.586957 0.266010
368 108 77 0.583784 0.266010
369 108 77 0.583784 0.266010
370 109 77 0.586021 0.268473
371 109 77 0.586021 0.268473
372 110 77 0.588235 0.270936
373 110 77 0.588235 0.270936
374 110 78 0.585106 0.270936
375 110 78 0.585106 0.270936
376 111 78 0.587302 0.273399
377 111 78 0.587302 0.273399
378 112 78 0.589474 0.275862
379 112 78 0.589474 0.275862
380 113 78 0.591623 0.278325
381 113 78 0.591623 0.278325
382 114 78 0.593750 0.280788
383 114 78 0.593750 0.280788
384 114 79 0.590674 0.280788
385 114 79 0.590674 0.280788
386 115 79 0.592784 0.283251
387 115 79 0.592784 0.283251
388 116 79 0.594872 0.285714
389 116 79 0.594872 0.285714
390 117 79 0.596939 0.288177
391 117 79 0.596939 0.288177
392 118 79 0.598985 0.290640
393 118 79 0.598985 0.290640
394 118 80 0.595960 0.290640
395 118 80 0.595960 0.290640
396 119 80 0.597990 0.293103
397 119 80 0.597990 0.293103
398 120 80 0.600000 0.295566
399 120 80 0.600000 0.295566
400 121 80 0.601990 0.298030
401 121 80 0.601990 0.298030
402 121 81 0.599010 0.298030
403 121 81 0.599010 0.298030
404 121 82 0.596059 0.298030
405 121 82 0.596059 0.298030
406 122 82 0.598039 0.300493
407 122 82 0.598039 0.300493
408 123 82 0.600000 0.302956
409 123 82 0.600000 0.302956
410 123 83 0.597087 0.302956
411 123 83 0.597087 0.302956
412 124 83 0.599034 0.305419
413 124 83 0.599034 0.305419
414 125 83 0.600962 0.307882
415 125 83 0.600962 0.307882
416 126 83 0.602871 0.310345
417 126 83 0.602871 0.310345
418 127 83 0.604762 0.312808
419 127 83 0.604762 0.312808
420 128 83 0.606635 0.315271
421 128 83 0.606635 0.315271
422 129 83 0.608491 0.317734
423 129 83 0.608491 0.317734
424 129 84 0.605634 0.317734
425 129 84 0.605634 0.317734
426 130 84 0.607477 0.320197
427 130 84 0.607477 0.320197
428 131 84 0.609302 0.322660
429 131 84 0.609302 0.322660
430 132 84 0.611111 0.325123
431 132 84 0.611111 0.325123
432 133 84 0.612903 0.327586
433 133 84 0.612903 0.327586
434 134 84 0.614679 0.330049
435 134 84 0.614679 0.330049
436 134 85 0.611872 0.330049
437 134 85 0.611872 0.330049
438 135 85 0.613636 0.332512
439 135 85 0.613636 0.332512
440 136 85 0.615385 0.334975
441 136 85 0.615385 0.334975
442 137 85 0.617117 0.337438
443 137 85 0.617117 0.337438
444 138 85 0.618834 0.339901
445 138 85 0.618834 0.339901
446 139 85 0.620536 0.342365
447 139 85 0.620536 0.342365
448 140 85 0.622222 0.344828
449 140 85 0.622222 0.344828
450 141 85 0.623894 0.347291
451 141 85 0.623894 0.347291
452 142 85 0.625551 0.349754
453 142 85 0.625551 0.349754
454 143 85 0.627193 0.352217
455 143 85 0.627193 0.352217
456 144 85 0.628821 0.354680
457 144 85 0.628821 0.354680
458 145 85 0.630435 0.357143
459 145 85 0.630435 0.357143
460 146 85 0.632035 0.359606
461 146 85 0.632035 0.359606
462 147 85 0.633621 0.362069
463 147 85 0.633621 0.362069
464 148 85 0.635193 0.364532
465 148 85 0.635193 0.364532
466 149 85 0.636752 0.366995
467 149 85 0.636752 0.366995
468 149 86 0.634043 0.366995
469 149 86 0.634043 0.366995
470 150 86 0.635593 0.369458
471 150 86 0.635593 0.369458
472 151 86 0.637131 0.371921
473 151 86 0.637131 0.371921
474 151 87 0.634454 0.371921
475 151 87 0.634454 0.371921
476 152 87 0.635983 0.374384
477 152 87 0.635983 0.374384
478 153 87 0.637500 0.376847
479 153 87 0.637500 0.376847
480 154 87 0.639004 0.379310
481 154 87 0.639004 0.379310
482 154 88 0.636364 0.379310
483 154 88 0.636364 0.379310
484 154 89 0.633745 0.379310
485 154 89 0.633745 0.379310
486 154 90 0.631148 0.379310
487 154 90 0.631148 0.379310
488 155 90 0.632653 0.381773
489 155 90 0.632653 0.381773
490 155 91 0.630081 0.381773
491 155 91 0.630081 0.381773
492 155 92 0.627530 0.381773
493 155 92 0.627530 0.381773
494 156 92 0.629032 0.384236
495 156 92 0.629032 0.384236
496 156 93 0.626506 0.384236
497 156 93 0.626506 0.384236
498 157 93 0.628000 0.386699
499 157 93 0.628000 0.386699
500 158 93 0.629482 0.389163
501 158 93 0.629482 0.389163
502 158 94 0.626984 0.389163
503 158 94 0.626984 0.389163
504 159 94 0.628458 0.391626
505 159 94 0.628458 0.391626
506 160 94 0.629921 0.394089
507 160 94 0.629921 0.394089
508 160 95 0.627451 0.394089
509 160 95 0.627451 0.394089
510 160 96 0.625000 0.394089
511 160 96 0.625000 0.394089
512 161 96 0.626459 0.396552
513 161 96 0.626459 0.396552
514 162 96 0.627907 0.399015
515 162 96 0.627907 0.399015
516 162 97 0.625483 0.399015
517 162 97 0.625483 0.399015
518 163 97 0.626923 0.401478
519 163 97 0.626923 0.401478
520 164 97 0.628352 0.403941
521 164 97 0.628352 0.403941
522 165 97 0.629771 0.406404
523 165 97 0.629771 0.406404
524 166 97 0.631179 0.408867
525 166 97 0.631179 0.408867
526 167 97 0.632576 0.411330
527 167 97 0.632576 0.411330
528 168 97 0.633962 0.413793
529 168 97 0.633962 0.413793
530 169 97 0.635338 0.416256
531 169 97 0.635338 0.416256
532 170 97 0.636704 0.418719
533 170 97 0.636704 0.418719
534 170 98 0.634328 0.418719
535 170 98 0.634328 0.418719
536 170 99 0.631970 0.418719
537 170 99 0.631970 0.418719
538 170 100 0.629630 0.418719
539 170 100 0.629630 0.418719
540 170 101 0.627306 0.418719
541 170 101 0.627306 0.418719
542 171 101 0.628676 0.421182
543 171 101 0.628676 0.421182
544 171 102 0.626374 0.421182
545 171 102 0.626374 0.421182
546 171 103 0.624088 0.421182
547 171 103 0.624088 0.421182
548 172 103 0.625455 0.423645
549 172 103 0.625455 0.423645
550 172 104 0.623188 0.423645
551 172 104 0.623188 0.423645
552 173 104 0.624549 0.426108
553 173 104 0.624549 0.426108
554 173 105 0.622302 0.426108
555 173 105 0.622302 0.426108
556 174 105 0.623656 0.428571
557 174 105 0.623656 0.428571
558 175 105 0.625000 0.431034
559 175 105 0.625000 0.431034
560 175 106 0.622776 0.431034
561 175 106 0.622776 0.431034
562 175 107 0.620567 0.431034
563 175 107 0.620567 0.431034
564 175 108 0.618375 0.431034
565 175 108 0.618375 0.431034
566 175 109 0.616197 0.431034
567 175 109 0.616197 0.431034
568 176 109 0.617544 0.433498
569 176 109 0.617544 0.433498
570 177 109 0.618881 0.435961
571 177 109 0.618881 0.435961
572 178 109 0.620209 0.438424
573 178 109 0.620209 0.438424
574 178 110 0.618056 0.438424
575 178 110 0.618056 0.438424
576 178 111 0.615917 0.438424
577 178 111 0.615917 0.438424
578 178 112 0.613793 0.438424
579 178 112 0.613793 0.438424
580 178 113 0.611684 0.438424
581 178 113 0.611684 0.438424
582 179 113 0.613014 0.440887
583 179 113 0.613014 0.440887
584 180 113 0.614334 0.443350
585 180 113 0.614334 0.443350
586 181 113 0.615646 0.445813
587 181 113 0.615646 0.445813
588 182 113 0.616949 0.448276
589 182 113 0.616949 0.448276
590 182 114 0.614865 0.448276
591 182 114 0.614865 0.448276
592 182 115 0.612795 0.448276
593 182 115 0.612795 0.448276
594 183 115 0.614094 0.450739
595 183 115 0.614094 0.450739
596 184 115 0.615385 0.453202
597 184 115 0.615385 0.453202
598 185 115 0.616667 0.455665
599 185 115 0.616667 0.455665
600 186 115 0.617940 0.458128
601 186 115 0.617940 0.458128
602 187 115 0.619205 0.460591
603 187 115 0.619205 0.460591
604 188 115 0.620462 0.463054
605 188 115 0.620462 0.463054
606 189 115 0.621711 0.465517
607 189 115 0.621711 0.465517
608 190 115 0.622951 0.467980
609 190 115 0.622951 0.467980
610 190 116 0.620915 0.467980
611 190 116 0.620915 0.467980
612 190 117 0.618892 0.467980
613 190 117 0.618892 0.467980
614 190 118 0.616883 0.467980
615 190 118 0.616883 0.467980
616 191 118 0.618123 0.470443
617 191 118 0.618123 0.470443
618 192 118 0.619355 0.472906
619 192 118 0.619355 0.472906
620 192 119 0.617363 0.472906
621 192 119 0.617363 0.472906
622 192 120 0.615385 0.472906
623 192 120 0.615385 0.472906
624 192 121 0.613419 0.472906
625 192 121 0.613419 0.472906
626 193 121 0.614650 0.475369
627 193 121 0.614650 0.475369
628 193 122 0.612698 0.475369
629 193 122 0.612698 0.475369
630 193 123 0.610759 0.475369
631 193 123 0.610759 0.475369
632 194 123 0.611987 0.477833
633 194 123 0.611987 0.477833
634 194 124 0.610063 0.477833
635 194 124 0.610063 0.477833
636 195 124 0.611285 0.480296
637 195 124 0.611285 0.480296
638 196 124 0.612500 0.482759
639 196 124 0.612500 0.482759
640 197 124 0.613707 0.485222
641 197 124 0.613707 0.485222
642 198 124 0.614907 0.487685
643 198 124 0.614907 0.487685
644 199 124 0.616099 0.490148
645 199 124 0.616099 0.490148
646 200 124 0.617284 0.492611
647 200 124 0.617284 0.492611
648 200 125 0.615385 0.492611
649 200 125 0.615385 0.492611
650 201 125 0.616564 0.495074
651 201 125 0.616564 0.495074
652 202 125 0.617737 0.497537
653 202 125 0.617737 0.497537
654 202 126 0.615854 0.497537
655 202 126 0.615854 0.497537
656 202 127 0.613982 0.497537
657 202 127 0.613982 0.497537
658 203 127 0.615152 0.500000
659 203 127 0.615152 0.500000
660 204 127 0.616314 0.502463
661 204 127 0.616314 0.502463
662 205 127 0.617470 0.504926
663 205 127 0.617470 0.504926
664 206 127 0.618619 0.507389
665 206 127 0.618619 0.507389
666 207 127 0.619760 0.509852
667 207 127 0.619760 0.509852
668 208 127 0.620896 0.512315
669 208 127 0.620896 0.512315
670 208 128 0.619048 0.512315
671 208 128 0.619048 0.512315
672 208 129 0.617211 0.512315
673 208 129 0.617211 0.512315
674 209 129 0.618343 0.514778
675 209 129 0.618343 0.514778
676 210 129 0.619469 0.517241
677 210 129 0.619469 0.517241
678 211 129 0.620588 0.519704
679 211 129 0.620588 0.519704
680 212 129 0.621701 0.522168
681 212 129 0.621701 0.522168
682 213 129 0.622807 0.524631
683 213 129 0.622807 0.524631
684 214 129 0.623907 0.527094
685 214 129 0.623907 0.527094
686 214 130 0.622093 0.527094
687 214 130 0.622093 0.527094
688 215 130 0.623188 0.529557
689 215 130 0.623188 0.529557
690 216 130 0.624277 0.532020
691 216 130 0.624277 0.532020
692 216 131 0.622478 0.532020
693 216 131 0.622478 0.532020
694 217 131 0.623563 0.534483
695 217 131 0.623563 0.534483
696 217 132 0.621777 0.534483
697 217 132 0.621777 0.534483
698 218 132 0.622857 0.536946
699 218 132 0.622857 0.536946
700 218 133 0.621083 0.536946
701 218 133 0.621083 0.536946
702 219 133 0.622159 0.539409
703 219 133 0.622159 0.539409
704 220 133 0.623229 0.541872
705 220 133 0.623229 0.541872
706 220 134 0.621469 0.541872
707 220 134 0.621469 0.541872
708 221 134 0.622535 0.544335
709 221 134 0.622535 0.544335
710 222 134 0.623595 0.546798
711 222 134 0.623595 0.546798
712 222 135 0.621849 0.546798
713 222 135 0.621849 0.546798
714 222 136 0.620112 0.546798
715 222 136 0.620112 0.546798
716 222 137 0.618384 0.546798
717 222 137 0.618384 0.546798
718 222 138 0.616667 0.546798
719 222 138 0.616667 0.546798
720 223 138 0.617729 0.549261
721 223 138 0.617729 0.549261
722 223 139 0.616022 0.549261
723 223 139 0.616022 0.549261
724 224 139 0.617080 0.551724
725 224 139 0.617080 0.551724
726 225 139 0.618132 0.554187
727 225 139 0.618132 0.554187
728 226 139 0.619178 0.556650
729 226 139 0.619178 0.556650
730 226 140 0.617486 0.556650
731 226 140 0.617486 0.556650
732 227 140 0.618529 0.559113
733 227 140 0.618529 0.559113
734 228 140 0.619565 0.561576
735 228 140 0.619565 0.561576
736 228 141 0.617886 0.561576
737 228 141 0.617886 0.561576
738 229 141 0.618919 0.564039
739 229 141 0.618919 0.564039
740 230 141 0.619946 0.566502
741 230 141 0.619946 0.566502
742 231 141 0.620968 0.568965
743 231 141 0.620968 0.568965
744 231 142 0.619303 0.568965
745 231 142 0.619303 0.568965
746 232 142 0.620321 0.571429
747 232 142 0.620321 0.571429
748 233 142 0.621333 0.573892
749 233 142 0.621333 0.573892
750 233 143 0.619681 0.573892
751 233 143 0.619681 0.573892
752 233 144 0.618037 0.573892
753 233 144 0.618037 0.573892
754 234 144 0.619048 0.576355
755 234 144 0.619048 0.576355
756 235 144 0.620053 0.578818
757 235 144 0.620053 0.578818
758 235 145 0.618421 0.578818
759 235 145 0.618421 0.578818
760 235 146 0.616798 0.578818
761 235 146 0.616798 0.578818
762 236 146 0.617801 0.581281
763 236 146 0.617801 0.581281
764 237 146 0.618799 0.583744
765 237 146 0.618799 0.583744
766 238 146 0.619792 0.586207
767 238 146 0.619792 0.586207
768 238 147 0.618182 0.586207
769 238 147 0.618182 0.586207
770 239 147 0.619171 0.588670
771 239 147 0.619171 0.588670
772 239 148 0.617571 0.588670
773 239 148 0.617571 0.588670
774 240 148 0.618557 0.591133
775 240 148 0.618557 0.591133
776 241 148 0.619537 0.593596
777 241 148 0.619537 0.593596
778 241 149 0.617949 0.593596
779 241 149 0.617949 0.593596
780 242 149 0.618926 0.596059
781 242 149 0.618926 0.596059
782 243 149 0.619898 0.598522
783 243 149 0.619898 0.598522
784 244 149 0.620865 0.600985
785 244 149 0.620865 0.600985
786 245 149 0.621827 0.603448
787 245 149 0.621827 0.603448
788 246 149 0.622785 0.605911
789 246 149 0.622785 0.605911
790 247 149 0.623737 0.608374
791 247 149 0.623737 0.608374
792 248 149 0.624685 0.610837
793 248 149 0.624685 0.610837
794 249 149 0.625628 0.613301
795 249 149 0.625628 0.613301
796 250 149 0.626566 0.615764
797 250 149 0.626566 0.615764
798 251 149 0.627500 0.618227
799 251 149 0.627500 0.618227
800 252 149 0.628429 0.620690
801 252 149 0.628429 0.620690
802 253 149 0.629353 0.623153
803 253 149 0.629353 0.623153
804 254 149 0.630273 0.625616
805 254 149 0.630273 0.625616
806 255 149 0.631188 0.628079
807 255 149 0.631188 0.628079
808 256 149 0.632099 0.630542
809 256 149 0.632099 0.630542
810 256 150 0.630542 0.630542
811 256 150 0.630542 0.630542
812 257 150 0.631450 0.633005
813 257 150 0.631450 0.633005
814 258 150 0.632353 0.635468
815 258 150 0.632353 0.635468
816 258 151 0.630807 0.635468
817 258 151 0.630807 0.635468
818 259 151 0.631707 0.637931
819 259 151 0.631707 0.637931
820 260 151 0.632603 0.640394
821 260 151 0.632603 0.640394
822 261 151 0.633495 0.642857
823 261 151 0.633495 0.642857
824 262 151 0.634383 0.645320
825 262 151 0.634383 0.645320
826 263 151 0.635266 0.647783
827 263 151 0.635266 0.647783
828 264 151 0.636145 0.650246
829 264 151 0.636145 0.650246
830 265 151 0.637019 0.652709
831 265 151 0.637019 0.652709
832 266 151 0.637890 0.655172
833 266 151 0.637890 0.655172
834 266 152 0.636364 0.655172
835 266 152 0.636364 0.655172
836 267 152 0.637232 0.657635
837 267 152 0.637232 0.657635
838 267 153 0.635714 0.657635
839 267 153 0.635714 0.657635
840 267 154 0.634204 0.657635
841 267 154 0.634204 0.657635
842 267 155 0.632701 0.657635
843 267 155 0.632701 0.657635
844 268 155 0.633570 0.660098
845 268 155 0.633570 0.660098
846 269 155 0.634434 0.662562
847 269 155 0.634434 0.662562
848 270 155 0.635294 0.665025
849 270 155 0.635294 0.665025
850 271 155 0.636150 0.667488
851 271 155 0.636150 0.667488
852 272 155 0.637002 0.669951
853 272 155 0.637002 0.669951
854 273 155 0.637850 0.672414
855 273 155 0.637850 0.672414
856 274 155 0.638695 0.674877
857 274 155 0.638695 0.674877
858 274 156 0.637209 0.674877
859 274 156 0.637209 0.674877
860 275 156 0.638051 0.677340
861 275 156 0.638051 0.677340
862 275 157 0.636574 0.677340
863 275 157 0.636574 0.677340
864 276 157 0.637413 0.679803
865 276 157 0.637413 0.679803
866 276 158 0.635945 0.679803
867 276 158 0.635945 0.679803
868 277 158 0.636782 0.682266
869 277 158 0.636782 0.682266
870 277 158 0.636782 0.682266
871 277 158 0.636782 0.682266
872 277 158 0.636782 0.682266
873 277 158 0.636782 0.682266
874 277 158 0.636782 0.682266
875 277 158 0.636782 0.682266
876 277 158 0.636782 0.682266
877 277 158 0.636782 0.682266
878 277 158 0.636782 0.682266
879 277 158 0.636782 0.682266
880 277 158 0.636782 0.682266
881 277 158 0.636782 0.682266
882 277 158 0.636782 0.682266
883 277 158 0.636782 0.682266
884 277 158 0.636782 0.682266
885 277 158 0.636782 0.682266
886 277 158 0.636782 0.682266
887 277 158 0.636782 0.682266
888 277 158 0.636782 0.682266
889 277 158 0.636782 0.682266
890 277 158 0.636782 0.682266
891 277 158 0.636782 0.682266
892 277 158 0.636782 0.682266
893 277 158 0.636782 0.682266
894 277 158 0.636782 0.682266
895 277 158 0.636782 0.682266
896 277 158 0.636782 0.682266
897 277 158 0.636782 0.682266
898 277 158 0.636782 0.682266
899 277 158 0.636782 0.682266
900 277 158 0.636782 0.682266
901 277 158 0.636782 0.682266
902 277 158 0.636782 0.682266
903 277 158 0.636782 0.682266
904 277 158 0.636782 0.682266
905 277 158 0.636782 0.682266
906 277 158 0.636782 0.682266
907 277 158 0.636782 0.682266
908 277 158 0.636782 0.682266
909 277 158 0.636782 0.682266
910 277 158 0.636782 0.682266
911 277 158 0.636782 0.682266
912 277 158 0.636782 0.682266
913 277 158 0.636782 0.682266
914 277 158 0.636782 0.682266
915 277 158 0.636782 0.682266
916 277 158 0.636782 0.682266
917 277 158 0.636782 0.682266
918 277 158 0.636782 0.682266
919 277 158 0.636782 0.682266
920 277 158 0.636782 0.682266
921 277 158 0.636782 0.682266
922 277 158 0.636782 0.682266
923 277 158 0.636782 0.682266
924 277 158 0.636782 0.682266
925 277 158 0.636782 0.682266
926 277 158 0.636782 0.682266
927 277 158 0.636782 0.682266
928 277 158 0.636782 0.682266
929 277 158 0.636782 0.682266
930 277 158 0.636782 0.682266
931 277 158 0.636782 0.682266
932 277 158 0.636782 0.682266
933 277 158 0.636782 0.682266
934 277 158 0.636782 0.682266
935 277 158 0.636782 0.682266
936 277 158 0.636782 0.682266
937 277 158 0.636782 0.682266
938 277 158 0.636782 0.682266
939 277 158 0.636782 0.682266
940 277 158 0.636782 0.682266
941 277 158 0.636782 0.682266
942 277 158 0.636782 0.682266
943 277 158 0.636782 0.682266
944 277 158 0.636782 0.682266
945 277 158 0.636782 0.682266
946 277 158 0.636782 0.682266
947 277 158 0.636782 0.682266
948 277 158 0.636782 0.682266
949 277 158 0.636782 0.682266
950 277 158 0.636782 0.682266
951 277 158 0.636782 0.682266
952 277 158 0.636782 0.682266
953 277 158 0.636782 0.682266
954 277 158 0.636782 0.682266
955 277 158 0.636782 0.682266
956 277 158 0.636782 0.682266
957 277 158 0.636782 0.682266
958 277 158 0.636782 0.682266
959 277 158 0.636782 0.682266
960 277 158 0.636782 0.682266
961 277 158 0.636782 0.682266
962 277 158 0.636782 0.682266
963 277 158 0.636782 0.682266
964 277 158 0.636782 0.682266
965 277 158 0.636782 0.682266
966 277 158 0.636782 0.682266
967 277 158 0.636782 0.682266
968 277 158 0.636782 0.682266
969 277 158 0.636782 0.682266
970 277 158 0.636782 0.682266
971 277 158 0.636782 0.682266
972 277 158 0.636782 0.682266
973 277 158 0.636782 0.682266
974 277 158 0.636782 0.682266
975 277 158 0.636782 0.682266
976 277 158 0.636782 0.682266
977 277 158 0.636782 0.682266
978 277 158 0.636782 0.682266
979 277 158 0.636782 0.682266
980 277 158 0.636782 0.682266
981 277 158 0.636782 0.682266
982 277 158 0.636782 0.682266
983 277 158 0.636782 0.682266
984 277 158 0.636782 0.682266
985 277 158 0.636782 0.682266
986 277 158 0.636782 0.682266
987 277 158 0.636782 0.682266
988 277 158 0.636782 0.682266
989 277 158 0.636782 0.682266
990 277 158 0.636782 0.682266
991 277 158 0.636782 0.682266
992 277 158 0.636782 0.682266
993 277 158 0.636782 0.682266
994 277 158 0.636782 0.682266
995 277 158 0.636782 0.682266
996 277 158 0.636782 0.682266
997 277 158 0.636782 0.682266
998 277 158 0.636782 0.682266
999 277 158 0.636782 0.682266
1000 277 158 0.636782 0.682266
1001 277 158 0.636782 0.682266
1002 277 158 0.636782 0.682266
1003 277 158 0.636782 0.682266
1004 277 158 0.636782 0.682266
1005 277 158 0.636782 0.682266
1006 277 158 0.636782 0.682266
1007 277 158 0.636782 0.682266
1008 277 158 0.636782 0.682266
1009 277 158 0.636782 0.682266
1010 277 158 0.636782 0.682266
1011 277 158 0.636782 0.682266
1012 277 158 0.636782 0.682266
1013 277 158 0.636782 0.682266
1014 277 158 0.636782 0.682266
1015 277 158 0.636782 0.682266
1016 277 158 0.636782 0.682266
1017 277 158 0.636782 0.682266
1018 277 158 0.636782 0.682266
1019 277 158 0.636782 0.682266
1020 277 158 0.636782 0.682266
1021 277 158 0.636782 0.682266
1022 277 158 0.636782 0.682266
1023 277 158 0.636782 0.682266
1024 277 158 0.636782 0.682266
1025 277 158 0.636782 0.682266
1026 277 158 0.636782 0.682266
1027 277 158 0.636782 0.682266
1028 277 158 0.636782 0.682266
1029 277 158 0.636782 0.682266
1030 277 158 0.636782 0.682266
1031 277 158 0.636782 0.682266
1032 277 158 0.636782 0.682266
1033 277 158 0.636782 0.682266
1034 277 158 0.636782 0.682266
1035 277 158 0.636782 0.682266
1036 277 158 0.636782 0.682266
1037 277 158 0.636782 0.682266
1038 277 158 0.636782 0.682266
1039 277 158 0.636782 0.682266
1040 277 158 0.636782 0.682266
1041 277 158 0.636782 0.682266
1042 277 158 0.636782 0.682266
1043 277 158 0.636782 0.682266
1044 277 158 0.636782 0.682266
1045 277 158 0.636782 0.682266
1046 277 158 0.636782 0.682266
1047 277 158 0.636782 0.682266
1048 277 158 0.636782 0.682266
1049 277 158 0.636782 0.682266
1050 277 158 0.636782 0.682266
1051 277 158 0.636782 0.682266
1052 277 158 0.636782 0.682266
1053 277 158 0.636782 0.682266
1054 277 158 0.636782 0.682266
1055 277 158 0.636782 0.682266
1056 277 158 0.636782 0.682266
1057 277 158 0.636782 0.682266
1058 277 158 0.636782 0.682266
1059 277 158 0.636782 0.682266
1060 277 158 0.636782 0.682266
1061 277 158 0.636782 0.682266
1062 277 158 0.636782 0.682266
1063 277 158 0.636782 0.682266
1064 277 158 0.636782 0.682266
1065 277 158 0.636782 0.682266
1066 277 158 0.636782 0.682266
1067 277 158 0.636782 0.682266
1068 277 158 0.636782 0.682266
1069 277 158 0.636782 0.682266
1070 277 158 0.636782 0.682266
1071 277 158 0.636782 0.682266
1072 277 158 0.636782 0.682266
1073 277 158 0.636782 0.682266
1074 277 158 0.636782 0.682266
1075 277 158 0.636782 0.682266
1076 277 158 0.636782 0.682266
1077 277 158 0.636782 0.682266
1078 277 158 0.636782 0.682266
1079 277 158 0.636782 0.682266
1080 277 158 0.636782 0.682266
1081 277 158 0.636782 0.682266
1082 277 158 0.636782 0.682266
1083 277 158 0.636782 0.682266
1084 277 158 0.636782 0.682266
1085 277 158 0.636782 0.682266
1086 277 158 0.636782 0.682266
1087 277 158 0.636782 0.682266
1088 277 158 0.636782 0.682266
1089 277 158 0.636782 0.682266
1090 277 158 0.636782 0.682266
1091 277 158 0.636782 0.682266
1092 277 158 0.636782 0.682266
1093 277 158 0.636782 0.682266
1094 277 158 0.636782 0.682266
1095 277 158 0.636782 0.682266
1096 277 158 0.636782 0.682266
1097 277 158 0.636782 0.682266
1098 277 158 0.636782 0.682266
1099 277 158 0.636782 0.682266
1100 277 158 0.636782 0.682266
1101 277 158 0.636782 0.682266
1102 277 158 0.636782 0.682266
1103 277 158 0.636782 0.682266
1104 277 158 0.636782 0.682266
1105 277 158 0.636782 0.682266
1106 277 158 0.636782 0.682266
1107 277 158 0.636782 0.682266
1108 277 158 0.636782 0.682266
1109 277 158 0.636782 0.682266
1110 277 158 0.636782 0.682266
1111 277 158 0.636782 0.682266
1112 277 158 0.636782 0.682266
1113 277 158 0.636782 0.682266
1114 277 158 0.636782 0.682266
1115 277 158 0.636782 0.682266
1116 277 158 0.636782 0.682266
1117 277 158 0.636782 0.682266
1118 277 158 0.636782 0.682266
1119 277 158 0.636782 0.682266
1120 277 158 0.636782 0.682266
1121 277 158 0.636782 0.682266
1122 277 158 0.636782 0.682266
1123 277 158 0.636782 0.682266
1124 277 158 0.636782 0.682266
1125 277 158 0.636782 0.682266
1126 277 158 0.636782 0.682266
1127 277 158 0.636782 0.682266
1128 277 158 0.636782 0.682266
1129 277 158 0.636782 0.682266
1130 277 158 0.636782 0.682266
1131 277 158 0.636782 0.682266
1132 277 158 0.636782 0.682266
