Index,TP,FP,Precision,Recall 
0 0 1 0 0.000000
1 0 1 0 0.000000
2 1 1 0.500000 0.002770
3 1 1 0.500000 0.002770
4 1 2 0.333333 0.002770
5 1 2 0.333333 0.002770
6 2 2 0.500000 0.005540
7 2 2 0.500000 0.005540
8 2 3 0.400000 0.005540
9 2 3 0.400000 0.005540
10 2 4 0.333333 0.005540
11 2 4 0.333333 0.005540
12 3 4 0.428571 0.008310
13 3 4 0.428571 0.008310
14 3 5 0.375000 0.008310
15 3 5 0.375000 0.008310
16 4 5 0.444444 0.011080
17 4 5 0.444444 0.011080
18 4 6 0.400000 0.011080
19 4 6 0.400000 0.011080
20 5 6 0.454545 0.013850
21 5 6 0.454545 0.013850
22 5 7 0.416667 0.013850
23 5 7 0.416667 0.013850
24 5 8 0.384615 0.013850
25 5 8 0.384615 0.013850
26 6 8 0.428571 0.016620
27 6 8 0.428571 0.016620
28 6 9 0.400000 0.016620
29 6 9 0.400000 0.016620
30 7 9 0.437500 0.019391
31 7 9 0.437500 0.019391
32 7 10 0.411765 0.019391
33 7 10 0.411765 0.019391
34 8 10 0.444444 0.022161
35 8 10 0.444444 0.022161
36 9 10 0.473684 0.024931
37 9 10 0.473684 0.024931
38 9 11 0.450000 0.024931
39 9 11 0.450000 0.024931
40 9 12 0.428571 0.024931
41 9 12 0.428571 0.024931
42 10 12 0.454545 0.027701
43 10 12 0.454545 0.027701
44 10 13 0.434783 0.027701
45 10 13 0.434783 0.027701
46 11 13 0.458333 0.030471
47 11 13 0.458333 0.030471
48 12 13 0.480000 0.033241
49 12 13 0.480000 0.033241
50 13 13 0.500000 0.036011
51 13 13 0.500000 0.036011
52 14 13 0.518519 0.038781
53 14 13 0.518519 0.038781
54 15 13 0.535714 0.041551
55 15 13 0.535714 0.041551
56 15 14 0.517241 0.041551
57 15 14 0.517241 0.041551
58 15 15 0.500000 0.041551
59 15 15 0.500000 0.041551
60 16 15 0.516129 0.044321
61 16 15 0.516129 0.044321
62 16 16 0.500000 0.044321
63 16 16 0.500000 0.044321
64 16 17 0.484848 0.044321
65 16 17 0.484848 0.044321
66 16 18 0.470588 0.044321
67 16 18 0.470588 0.044321
68 16 19 0.457143 0.044321
69 16 19 0.457143 0.044321
70 17 19 0.472222 0.047091
71 17 19 0.472222 0.047091
72 17 20 0.459459 0.047091
73 17 20 0.459459 0.047091
74 17 21 0.447368 0.047091
75 17 21 0.447368 0.047091
76 18 21 0.461538 0.049861
77 18 21 0.461538 0.049861
78 19 21 0.475000 0.052632
79 19 21 0.475000 0.052632
80 19 22 0.463415 0.052632
81 19 22 0.463415 0.052632
82 19 23 0.452381 0.052632
83 19 23 0.452381 0.052632
84 20 23 0.465116 0.055402
85 20 23 0.465116 0.055402
86 21 23 0.477273 0.058172
87 21 23 0.477273 0.058172
88 21 24 0.466667 0.058172
89 21 24 0.466667 0.058172
90 21 25 0.456522 0.058172
91 21 25 0.456522 0.058172
92 21 26 0.446809 0.058172
93 21 26 0.446809 0.058172
94 22 26 0.458333 0.060942
95 22 26 0.458333 0.060942
96 23 26 0.469388 0.063712
97 23 26 0.469388 0.063712
98 24 26 0.480000 0.066482
99 24 26 0.480000 0.066482
100 25 26 0.490196 0.069252
101 25 26 0.490196 0.069252
102 25 27 0.480769 0.069252
103 25 27 0.480769 0.069252
104 25 28 0.471698 0.069252
105 25 28 0.471698 0.069252
106 26 28 0.481481 0.072022
107 26 28 0.481481 0.072022
108 27 28 0.490909 0.074792
109 27 28 0.490909 0.074792
110 28 28 0.500000 0.077562
111 28 28 0.500000 0.077562
112 29 28 0.508772 0.080332
113 29 28 0.508772 0.080332
114 30 28 0.517241 0.083102
115 30 28 0.517241 0.083102
116 30 29 0.508475 0.083102
117 30 29 0.508475 0.083102
118 31 29 0.516667 0.085873
119 31 29 0.516667 0.085873
120 32 29 0.524590 0.088643
121 32 29 0.524590 0.088643
122 32 30 0.516129 0.088643
123 32 30 0.516129 0.088643
124 32 31 0.507937 0.088643
125 32 31 0.507937 0.088643
126 33 31 0.515625 0.091413
127 33 31 0.515625 0.091413
128 33 32 0.507692 0.091413
129 33 32 0.507692 0.091413
130 33 33 0.500000 0.091413
131 33 33 0.500000 0.091413
132 34 33 0.507463 0.094183
133 34 33 0.507463 0.094183
134 34 34 0.500000 0.094183
135 34 34 0.500000 0.094183
136 35 34 0.507246 0.096953
137 35 34 0.507246 0.096953
138 36 34 0.514286 0.099723
139 36 34 0.514286 0.099723
140 37 34 0.521127 0.102493
141 37 34 0.521127 0.102493
142 38 34 0.527778 0.105263
143 38 34 0.527778 0.105263
144 39 34 0.534247 0.108033
145 39 34 0.534247 0.108033
146 39 35 0.527027 0.108033
147 39 35 0.527027 0.108033
148 39 36 0.520000 0.108033
149 39 36 0.520000 0.108033
150 40 36 0.526316 0.110803
151 40 36 0.526316 0.110803
152 41 36 0.532468 0.113573
153 41 36 0.532468 0.113573
154 42 36 0.538462 0.116343
155 42 36 0.538462 0.116343
156 43 36 0.544304 0.119114
157 43 36 0.544304 0.119114
158 44 36 0.550000 0.121884
159 44 36 0.550000 0.121884
160 44 37 0.543210 0.121884
161 44 37 0.543210 0.121884
162 44 38 0.536585 0.121884
163 44 38 0.536585 0.121884
164 45 38 0.542169 0.124654
165 45 38 0.542169 0.124654
166 45 39 0.535714 0.124654
167 45 39 0.535714 0.124654
168 45 40 0.529412 0.124654
169 45 40 0.529412 0.124654
170 46 40 0.534884 0.127424
171 46 40 0.534884 0.127424
172 47 40 0.540230 0.130194
173 47 40 0.540230 0.130194
174 48 40 0.545455 0.132964
175 48 40 0.545455 0.132964
176 48 41 0.539326 0.132964
177 48 41 0.539326 0.132964
178 49 41 0.544444 0.135734
179 49 41 0.544444 0.135734
180 50 41 0.549451 0.138504
181 50 41 0.549451 0.138504
182 51 41 0.554348 0.141274
183 51 41 0.554348 0.141274
184 51 42 0.548387 0.141274
185 51 42 0.548387 0.141274
186 52 42 0.553191 0.144044
187 52 42 0.553191 0.144044
188 53 42 0.557895 0.146814
189 53 42 0.557895 0.146814
190 53 43 0.552083 0.146814
191 53 43 0.552083 0.146814
192 54 43 0.556701 0.149584
193 54 43 0.556701 0.149584
194 55 43 0.561224 0.152355
195 55 43 0.561224 0.152355
196 56 43 0.565657 0.155125
197 56 43 0.565657 0.155125
198 57 43 0.570000 0.157895
199 57 43 0.570000 0.157895
200 58 43 0.574257 0.160665
201 58 43 0.574257 0.160665
202 59 43 0.578431 0.163435
203 59 43 0.578431 0.163435
204 60 43 0.582524 0.166205
205 60 43 0.582524 0.166205
206 61 43 0.586538 0.168975
207 61 43 0.586538 0.168975
208 61 44 0.580952 0.168975
209 61 44 0.580952 0.168975
210 62 44 0.584906 0.171745
211 62 44 0.584906 0.171745
212 62 45 0.579439 0.171745
213 62 45 0.579439 0.171745
214 63 45 0.583333 0.174515
215 63 45 0.583333 0.174515
216 63 46 0.577982 0.174515
217 63 46 0.577982 0.174515
218 64 46 0.581818 0.177285
219 64 46 0.581818 0.177285
220 65 46 0.585586 0.180055
221 65 46 0.585586 0.180055
222 66 46 0.589286 0.182825
223 66 46 0.589286 0.182825
224 66 47 0.584071 0.182825
225 66 47 0.584071 0.182825
226 67 47 0.587719 0.185596
227 67 47 0.587719 0.185596
228 68 47 0.591304 0.188366
229 68 47 0.591304 0.188366
230 69 47 0.594828 0.191136
231 69 47 0.594828 0.191136
232 69 48 0.589744 0.191136
233 69 48 0.589744 0.191136
234 70 48 0.593220 0.193906
235 70 48 0.593220 0.193906
236 71 48 0.596639 0.196676
237 71 48 0.596639 0.196676
238 72 48 0.600000 0.199446
239 72 48 0.600000 0.199446
240 73 48 0.603306 0.202216
241 73 48 0.603306 0.202216
242 73 49 0.598361 0.202216
243 73 49 0.598361 0.202216
244 74 49 0.601626 0.204986
245 74 49 0.601626 0.204986
246 75 49 0.604839 0.207756
247 75 49 0.604839 0.207756
248 76 49 0.608000 0.210526
249 76 49 0.608000 0.210526
250 76 50 0.603175 0.210526
251 76 50 0.603175 0.210526
252 77 50 0.606299 0.213296
253 77 50 0.606299 0.213296
254 78 50 0.609375 0.216066
255 78 50 0.609375 0.216066
256 78 51 0.604651 0.216066
257 78 51 0.604651 0.216066
258 79 51 0.607692 0.218837
259 79 51 0.607692 0.218837
260 80 51 0.610687 0.221607
261 80 51 0.610687 0.221607
262 81 51 0.613636 0.224377
263 81 51 0.613636 0.224377
264 82 51 0.616541 0.227147
265 82 51 0.616541 0.227147
266 83 51 0.619403 0.229917
267 83 51 0.619403 0.229917
268 84 51 0.622222 0.232687
269 84 51 0.622222 0.232687
270 85 51 0.625000 0.235457
271 85 51 0.625000 0.235457
272 86 51 0.627737 0.238227
273 86 51 0.627737 0.238227
274 87 51 0.630435 0.240997
275 87 51 0.630435 0.240997
276 88 51 0.633094 0.243767
277 88 51 0.633094 0.243767
278 89 51 0.635714 0.246537
279 89 51 0.635714 0.246537
280 90 51 0.638298 0.249307
281 90 51 0.638298 0.249307
282 90 52 0.633803 0.249307
283 90 52 0.633803 0.249307
284 91 52 0.636364 0.252078
285 91 52 0.636364 0.252078
286 92 52 0.638889 0.254848
287 92 52 0.638889 0.254848
288 93 52 0.641379 0.257618
289 93 52 0.641379 0.257618
290 94 52 0.643836 0.260388
291 94 52 0.643836 0.260388
292 94 53 0.639456 0.260388
293 94 53 0.639456 0.260388
294 95 53 0.641892 0.263158
295 95 53 0.641892 0.263158
296 96 53 0.644295 0.265928
297 96 53 0.644295 0.265928
298 97 53 0.646667 0.268698
299 97 53 0.646667 0.268698
300 98 53 0.649007 0.271468
301 98 53 0.649007 0.271468
302 99 53 0.651316 0.274238
303 99 53 0.651316 0.274238
304 100 53 0.653595 0.277008
305 100 53 0.653595 0.277008
306 100 54 0.649351 0.277008
307 100 54 0.649351 0.277008
308 100 55 0.645161 0.277008
309 100 55 0.645161 0.277008
310 100 56 0.641026 0.277008
311 100 56 0.641026 0.277008
312 101 56 0.643312 0.279778
313 101 56 0.643312 0.279778
314 102 56 0.645570 0.282548
315 102 56 0.645570 0.282548
316 103 56 0.647799 0.285319
317 103 56 0.647799 0.285319
318 104 56 0.650000 0.288089
319 104 56 0.650000 0.288089
320 104 57 0.645963 0.288089
321 104 57 0.645963 0.288089
322 105 57 0.648148 0.290859
323 105 57 0.648148 0.290859
324 106 57 0.650307 0.293629
325 106 57 0.650307 0.293629
326 107 57 0.652439 0.296399
327 107 57 0.652439 0.296399
328 108 57 0.654545 0.299169
329 108 57 0.654545 0.299169
330 108 58 0.650602 0.299169
331 108 58 0.650602 0.299169
332 109 58 0.652695 0.301939
333 109 58 0.652695 0.301939
334 110 58 0.654762 0.304709
335 110 58 0.654762 0.304709
336 111 58 0.656805 0.307479
337 111 58 0.656805 0.307479
338 112 58 0.658824 0.310249
339 112 58 0.658824 0.310249
340 113 58 0.660819 0.313019
341 113 58 0.660819 0.313019
342 114 58 0.662791 0.315789
343 114 58 0.662791 0.315789
344 114 59 0.658960 0.315789
345 114 59 0.658960 0.315789
346 114 60 0.655172 0.315789
347 114 60 0.655172 0.315789
348 115 60 0.657143 0.318560
349 115 60 0.657143 0.318560
350 116 60 0.659091 0.321330
351 116 60 0.659091 0.321330
352 116 61 0.655367 0.321330
353 116 61 0.655367 0.321330
354 117 61 0.657303 0.324100
355 117 61 0.657303 0.324100
356 118 61 0.659218 0.326870
357 118 61 0.659218 0.326870
358 119 61 0.661111 0.329640
359 119 61 0.661111 0.329640
360 120 61 0.662983 0.332410
361 120 61 0.662983 0.332410
362 121 61 0.664835 0.335180
363 121 61 0.664835 0.335180
364 122 61 0.666667 0.337950
365 122 61 0.666667 0.337950
366 122 62 0.663043 0.337950
367 122 62 0.663043 0.337950
368 122 63 0.659459 0.337950
369 122 63 0.659459 0.337950
370 123 63 0.661290 0.340720
371 123 63 0.661290 0.340720
372 124 63 0.663102 0.343490
373 124 63 0.663102 0.343490
374 124 64 0.659574 0.343490
375 124 64 0.659574 0.343490
376 125 64 0.661376 0.346260
377 125 64 0.661376 0.346260
378 126 64 0.663158 0.349030
379 126 64 0.663158 0.349030
380 126 65 0.659686 0.349030
381 126 65 0.659686 0.349030
382 127 65 0.661458 0.351801
383 127 65 0.661458 0.351801
384 127 66 0.658031 0.351801
385 127 66 0.658031 0.351801
386 128 66 0.659794 0.354571
387 128 66 0.659794 0.354571
388 129 66 0.661538 0.357341
389 129 66 0.661538 0.357341
390 130 66 0.663265 0.360111
391 130 66 0.663265 0.360111
392 131 66 0.664975 0.362881
393 131 66 0.664975 0.362881
394 131 67 0.661616 0.362881
395 131 67 0.661616 0.362881
396 132 67 0.663317 0.365651
397 132 67 0.663317 0.365651
398 133 67 0.665000 0.368421
399 133 67 0.665000 0.368421
400 134 67 0.666667 0.371191
401 134 67 0.666667 0.371191
402 134 68 0.663366 0.371191
403 134 68 0.663366 0.371191
404 134 69 0.660098 0.371191
405 134 69 0.660098 0.371191
406 135 69 0.661765 0.373961
407 135 69 0.661765 0.373961
408 136 69 0.663415 0.376731
409 136 69 0.663415 0.376731
410 137 69 0.665049 0.379501
411 137 69 0.665049 0.379501
412 138 69 0.666667 0.382271
413 138 69 0.666667 0.382271
414 139 69 0.668269 0.385042
415 139 69 0.668269 0.385042
416 139 70 0.665072 0.385042
417 139 70 0.665072 0.385042
418 140 70 0.666667 0.387812
419 140 70 0.666667 0.387812
420 141 70 0.668246 0.390582
421 141 70 0.668246 0.390582
422 142 70 0.669811 0.393352
423 142 70 0.669811 0.393352
424 142 71 0.666667 0.393352
425 142 71 0.666667 0.393352
426 143 71 0.668224 0.396122
427 143 71 0.668224 0.396122
428 144 71 0.669767 0.398892
429 144 71 0.669767 0.398892
430 145 71 0.671296 0.401662
431 145 71 0.671296 0.401662
432 146 71 0.672811 0.404432
433 146 71 0.672811 0.404432
434 147 71 0.674312 0.407202
435 147 71 0.674312 0.407202
436 147 72 0.671233 0.407202
437 147 72 0.671233 0.407202
438 148 72 0.672727 0.409972
439 148 72 0.672727 0.409972
440 149 72 0.674208 0.412742
441 149 72 0.674208 0.412742
442 150 72 0.675676 0.415512
443 150 72 0.675676 0.415512
444 151 72 0.677130 0.418283
445 151 72 0.677130 0.418283
446 152 72 0.678571 0.421053
447 152 72 0.678571 0.421053
448 153 72 0.680000 0.423823
449 153 72 0.680000 0.423823
450 154 72 0.681416 0.426593
451 154 72 0.681416 0.426593
452 155 72 0.682819 0.429363
453 155 72 0.682819 0.429363
454 156 72 0.684211 0.432133
455 156 72 0.684211 0.432133
456 157 72 0.685589 0.434903
457 157 72 0.685589 0.434903
458 158 72 0.686957 0.437673
459 158 72 0.686957 0.437673
460 159 72 0.688312 0.440443
461 159 72 0.688312 0.440443
462 160 72 0.689655 0.443213
463 160 72 0.689655 0.443213
464 161 72 0.690987 0.445983
465 161 72 0.690987 0.445983
466 162 72 0.692308 0.448753
467 162 72 0.692308 0.448753
468 162 73 0.689362 0.448753
469 162 73 0.689362 0.448753
470 163 73 0.690678 0.451524
471 163 73 0.690678 0.451524
472 164 73 0.691983 0.454294
473 164 73 0.691983 0.454294
474 164 74 0.689076 0.454294
475 164 74 0.689076 0.454294
476 165 74 0.690377 0.457064
477 165 74 0.690377 0.457064
478 166 74 0.691667 0.459834
479 166 74 0.691667 0.459834
480 167 74 0.692946 0.462604
481 167 74 0.692946 0.462604
482 167 75 0.690083 0.462604
483 167 75 0.690083 0.462604
484 168 75 0.691358 0.465374
485 168 75 0.691358 0.465374
486 169 75 0.692623 0.468144
487 169 75 0.692623 0.468144
488 170 75 0.693878 0.470914
489 170 75 0.693878 0.470914
490 170 76 0.691057 0.470914
491 170 76 0.691057 0.470914
492 171 76 0.692308 0.473684
493 171 76 0.692308 0.473684
494 172 76 0.693548 0.476454
495 172 76 0.693548 0.476454
496 173 76 0.694779 0.479224
497 173 76 0.694779 0.479224
498 174 76 0.696000 0.481994
499 174 76 0.696000 0.481994
500 175 76 0.697211 0.484765
501 175 76 0.697211 0.484765
502 176 76 0.698413 0.487535
503 176 76 0.698413 0.487535
504 177 76 0.699605 0.490305
505 177 76 0.699605 0.490305
506 178 76 0.700787 0.493075
507 178 76 0.700787 0.493075
508 179 76 0.701961 0.495845
509 179 76 0.701961 0.495845
510 179 77 0.699219 0.495845
511 179 77 0.699219 0.495845
512 180 77 0.700389 0.498615
513 180 77 0.700389 0.498615
514 181 77 0.701550 0.501385
515 181 77 0.701550 0.501385
516 182 77 0.702703 0.504155
517 182 77 0.702703 0.504155
518 183 77 0.703846 0.506925
519 183 77 0.703846 0.506925
520 184 77 0.704981 0.509695
521 184 77 0.704981 0.509695
522 185 77 0.706107 0.512465
523 185 77 0.706107 0.512465
524 186 77 0.707224 0.515235
525 186 77 0.707224 0.515235
526 187 77 0.708333 0.518006
527 187 77 0.708333 0.518006
528 188 77 0.709434 0.520776
529 188 77 0.709434 0.520776
530 189 77 0.710526 0.523546
531 189 77 0.710526 0.523546
532 190 77 0.711610 0.526316
533 190 77 0.711610 0.526316
534 190 78 0.708955 0.526316
535 190 78 0.708955 0.526316
536 191 78 0.710037 0.529086
537 191 78 0.710037 0.529086
538 192 78 0.711111 0.531856
539 192 78 0.711111 0.531856
540 193 78 0.712177 0.534626
541 193 78 0.712177 0.534626
542 194 78 0.713235 0.537396
543 194 78 0.713235 0.537396
544 195 78 0.714286 0.540166
545 195 78 0.714286 0.540166
546 195 79 0.711679 0.540166
547 195 79 0.711679 0.540166
548 196 79 0.712727 0.542936
549 196 79 0.712727 0.542936
550 196 80 0.710145 0.542936
551 196 80 0.710145 0.542936
552 197 80 0.711191 0.545706
553 197 80 0.711191 0.545706
554 197 81 0.708633 0.545706
555 197 81 0.708633 0.545706
556 198 81 0.709677 0.548476
557 198 81 0.709677 0.548476
558 199 81 0.710714 0.551247
559 199 81 0.710714 0.551247
560 199 82 0.708185 0.551247
561 199 82 0.708185 0.551247
562 200 82 0.709220 0.554017
563 200 82 0.709220 0.554017
564 201 82 0.710247 0.556787
565 201 82 0.710247 0.556787
566 202 82 0.711268 0.559557
567 202 82 0.711268 0.559557
568 203 82 0.712281 0.562327
569 203 82 0.712281 0.562327
570 204 82 0.713287 0.565097
571 204 82 0.713287 0.565097
572 205 82 0.714286 0.567867
573 205 82 0.714286 0.567867
574 206 82 0.715278 0.570637
575 206 82 0.715278 0.570637
576 206 83 0.712803 0.570637
577 206 83 0.712803 0.570637
578 207 83 0.713793 0.573407
579 207 83 0.713793 0.573407
580 208 83 0.714777 0.576177
581 208 83 0.714777 0.576177
582 209 83 0.715753 0.578947
583 209 83 0.715753 0.578947
584 210 83 0.716724 0.581717
585 210 83 0.716724 0.581717
586 211 83 0.717687 0.584488
587 211 83 0.717687 0.584488
588 212 83 0.718644 0.587258
589 212 83 0.718644 0.587258
590 212 84 0.716216 0.587258
591 212 84 0.716216 0.587258
592 212 85 0.713805 0.587258
593 212 85 0.713805 0.587258
594 213 85 0.714765 0.590028
595 213 85 0.714765 0.590028
596 214 85 0.715719 0.592798
597 214 85 0.715719 0.592798
598 215 85 0.716667 0.595568
599 215 85 0.716667 0.595568
600 216 85 0.717608 0.598338
601 216 85 0.717608 0.598338
602 217 85 0.718543 0.601108
603 217 85 0.718543 0.601108
604 218 85 0.719472 0.603878
605 218 85 0.719472 0.603878
606 219 85 0.720395 0.606648
607 219 85 0.720395 0.606648
608 219 86 0.718033 0.606648
609 219 86 0.718033 0.606648
610 220 86 0.718954 0.609418
611 220 86 0.718954 0.609418
612 221 86 0.719870 0.612188
613 221 86 0.719870 0.612188
614 221 87 0.717532 0.612188
615 221 87 0.717532 0.612188
616 222 87 0.718447 0.614958
617 222 87 0.718447 0.614958
618 223 87 0.719355 0.617729
619 223 87 0.719355 0.617729
620 223 88 0.717042 0.617729
621 223 88 0.717042 0.617729
622 223 89 0.714744 0.617729
623 223 89 0.714744 0.617729
624 224 89 0.715655 0.620499
625 224 89 0.715655 0.620499
626 225 89 0.716560 0.623269
627 225 89 0.716560 0.623269
628 226 89 0.717460 0.626039
629 226 89 0.717460 0.626039
630 227 89 0.718354 0.628809
631 227 89 0.718354 0.628809
632 228 89 0.719243 0.631579
633 228 89 0.719243 0.631579
634 228 90 0.716981 0.631579
635 228 90 0.716981 0.631579
636 229 90 0.717868 0.634349
637 229 90 0.717868 0.634349
638 230 90 0.718750 0.637119
639 230 90 0.718750 0.637119
640 231 90 0.719626 0.639889
641 231 90 0.719626 0.639889
642 231 91 0.717391 0.639889
643 231 91 0.717391 0.639889
644 232 91 0.718266 0.642659
645 232 91 0.718266 0.642659
646 233 91 0.719136 0.645429
647 233 91 0.719136 0.645429
648 234 91 0.720000 0.648199
649 234 91 0.720000 0.648199
650 235 91 0.720859 0.650970
651 235 91 0.720859 0.650970
652 236 91 0.721713 0.653740
653 236 91 0.721713 0.653740
654 237 91 0.722561 0.656510
655 237 91 0.722561 0.656510
656 238 91 0.723404 0.659280
657 238 91 0.723404 0.659280
658 239 91 0.724242 0.662050
659 239 91 0.724242 0.662050
660 239 92 0.722054 0.662050
661 239 92 0.722054 0.662050
662 240 92 0.722892 0.664820
663 240 92 0.722892 0.664820
664 241 92 0.723724 0.667590
665 241 92 0.723724 0.667590
666 241 93 0.721557 0.667590
667 241 93 0.721557 0.667590
668 242 93 0.722388 0.670360
669 242 93 0.722388 0.670360
670 242 94 0.720238 0.670360
671 242 94 0.720238 0.670360
672 242 95 0.718101 0.670360
673 242 95 0.718101 0.670360
674 242 96 0.715976 0.670360
675 242 96 0.715976 0.670360
676 242 97 0.713864 0.670360
677 242 97 0.713864 0.670360
678 243 97 0.714706 0.673130
679 243 97 0.714706 0.673130
680 244 97 0.715542 0.675900
681 244 97 0.715542 0.675900
682 245 97 0.716374 0.678670
683 245 97 0.716374 0.678670
684 245 98 0.714286 0.678670
685 245 98 0.714286 0.678670
686 246 98 0.715116 0.681440
687 246 98 0.715116 0.681440
688 247 98 0.715942 0.684211
689 247 98 0.715942 0.684211
690 247 99 0.713873 0.684211
691 247 99 0.713873 0.684211
692 247 100 0.711816 0.684211
693 247 100 0.711816 0.684211
694 248 100 0.712644 0.686981
695 248 100 0.712644 0.686981
696 249 100 0.713467 0.689751
697 249 100 0.713467 0.689751
698 250 100 0.714286 0.692521
699 250 100 0.714286 0.692521
700 251 100 0.715100 0.695291
701 251 100 0.715100 0.695291
702 252 100 0.715909 0.698061
703 252 100 0.715909 0.698061
704 253 100 0.716714 0.700831
705 253 100 0.716714 0.700831
706 254 100 0.717514 0.703601
707 254 100 0.717514 0.703601
708 255 100 0.718310 0.706371
709 255 100 0.718310 0.706371
710 255 101 0.716292 0.706371
711 255 101 0.716292 0.706371
712 256 101 0.717087 0.709141
713 256 101 0.717087 0.709141
714 256 102 0.715084 0.709141
715 256 102 0.715084 0.709141
716 257 102 0.715877 0.711911
717 257 102 0.715877 0.711911
718 257 103 0.713889 0.711911
719 257 103 0.713889 0.711911
720 258 103 0.714681 0.714681
721 258 103 0.714681 0.714681
722 259 103 0.715470 0.717452
723 259 103 0.715470 0.717452
724 260 103 0.716253 0.720222
725 260 103 0.716253 0.720222
726 261 103 0.717033 0.722992
727 261 103 0.717033 0.722992
728 262 103 0.717808 0.725762
729 262 103 0.717808 0.725762
730 262 104 0.715847 0.725762
731 262 104 0.715847 0.725762
732 263 104 0.716621 0.728532
733 263 104 0.716621 0.728532
734 264 104 0.717391 0.731302
735 264 104 0.717391 0.731302
736 265 104 0.718157 0.734072
737 265 104 0.718157 0.734072
738 266 104 0.718919 0.736842
739 266 104 0.718919 0.736842
740 267 104 0.719677 0.739612
741 267 104 0.719677 0.739612
742 267 105 0.717742 0.739612
743 267 105 0.717742 0.739612
744 268 105 0.718499 0.742382
745 268 105 0.718499 0.742382
746 268 106 0.716578 0.742382
747 268 106 0.716578 0.742382
748 269 106 0.717333 0.745152
749 269 106 0.717333 0.745152
750 270 106 0.718085 0.747922
751 270 106 0.718085 0.747922
752 271 106 0.718833 0.750693
753 271 106 0.718833 0.750693
754 272 106 0.719577 0.753463
755 272 106 0.719577 0.753463
756 273 106 0.720317 0.756233
757 273 106 0.720317 0.756233
758 273 107 0.718421 0.756233
759 273 107 0.718421 0.756233
760 274 107 0.719160 0.759003
761 274 107 0.719160 0.759003
762 274 107 0.719160 0.759003
763 274 107 0.719160 0.759003
764 274 107 0.719160 0.759003
765 274 107 0.719160 0.759003
766 274 107 0.719160 0.759003
767 274 107 0.719160 0.759003
768 274 107 0.719160 0.759003
769 274 107 0.719160 0.759003
770 274 107 0.719160 0.759003
771 274 107 0.719160 0.759003
772 274 107 0.719160 0.759003
773 274 107 0.719160 0.759003
774 274 107 0.719160 0.759003
775 274 107 0.719160 0.759003
776 274 107 0.719160 0.759003
777 274 107 0.719160 0.759003
778 274 107 0.719160 0.759003
779 274 107 0.719160 0.759003
780 274 107 0.719160 0.759003
781 274 107 0.719160 0.759003
782 274 107 0.719160 0.759003
783 274 107 0.719160 0.759003
784 274 107 0.719160 0.759003
785 274 107 0.719160 0.759003
786 274 107 0.719160 0.759003
787 274 107 0.719160 0.759003
788 274 107 0.719160 0.759003
789 274 107 0.719160 0.759003
790 274 107 0.719160 0.759003
791 274 107 0.719160 0.759003
792 274 107 0.719160 0.759003
793 274 107 0.719160 0.759003
794 274 107 0.719160 0.759003
795 274 107 0.719160 0.759003
796 274 107 0.719160 0.759003
797 274 107 0.719160 0.759003
798 274 107 0.719160 0.759003
799 274 107 0.719160 0.759003
800 274 107 0.719160 0.759003
801 274 107 0.719160 0.759003
802 274 107 0.719160 0.759003
803 274 107 0.719160 0.759003
804 274 107 0.719160 0.759003
805 274 107 0.719160 0.759003
806 274 107 0.719160 0.759003
