Index,TP,FP,Precision,Recall 
0 1 0 1.000000 0.002890
1 1 0 1.000000 0.002890
2 2 0 1.000000 0.005780
3 2 0 1.000000 0.005780
4 3 0 1.000000 0.008671
5 3 0 1.000000 0.008671
6 4 0 1.000000 0.011561
7 4 0 1.000000 0.011561
8 4 1 0.800000 0.011561
9 4 1 0.800000 0.011561
10 5 1 0.833333 0.014451
11 5 1 0.833333 0.014451
12 6 1 0.857143 0.017341
13 6 1 0.857143 0.017341
14 6 2 0.750000 0.017341
15 6 2 0.750000 0.017341
16 7 2 0.777778 0.020231
17 7 2 0.777778 0.020231
18 7 3 0.700000 0.020231
19 7 3 0.700000 0.020231
20 8 3 0.727273 0.023121
21 8 3 0.727273 0.023121
22 8 4 0.666667 0.023121
23 8 4 0.666667 0.023121
24 8 5 0.615385 0.023121
25 8 5 0.615385 0.023121
26 9 5 0.642857 0.026012
27 9 5 0.642857 0.026012
28 10 5 0.666667 0.028902
29 10 5 0.666667 0.028902
30 11 5 0.687500 0.031792
31 11 5 0.687500 0.031792
32 11 6 0.647059 0.031792
33 11 6 0.647059 0.031792
34 12 6 0.666667 0.034682
35 12 6 0.666667 0.034682
36 13 6 0.684211 0.037572
37 13 6 0.684211 0.037572
38 13 7 0.650000 0.037572
39 13 7 0.650000 0.037572
40 13 8 0.619048 0.037572
41 13 8 0.619048 0.037572
42 14 8 0.636364 0.040462
43 14 8 0.636364 0.040462
44 14 9 0.608696 0.040462
45 14 9 0.608696 0.040462
46 14 10 0.583333 0.040462
47 14 10 0.583333 0.040462
48 15 10 0.600000 0.043353
49 15 10 0.600000 0.043353
50 16 10 0.615385 0.046243
51 16 10 0.615385 0.046243
52 17 10 0.629630 0.049133
53 17 10 0.629630 0.049133
54 18 10 0.642857 0.052023
55 18 10 0.642857 0.052023
56 19 10 0.655172 0.054913
57 19 10 0.655172 0.054913
58 19 11 0.633333 0.054913
59 19 11 0.633333 0.054913
60 19 12 0.612903 0.054913
61 19 12 0.612903 0.054913
62 19 13 0.593750 0.054913
63 19 13 0.593750 0.054913
64 19 14 0.575758 0.054913
65 19 14 0.575758 0.054913
66 19 15 0.558824 0.054913
67 19 15 0.558824 0.054913
68 19 16 0.542857 0.054913
69 19 16 0.542857 0.054913
70 20 16 0.555556 0.057803
71 20 16 0.555556 0.057803
72 20 17 0.540541 0.057803
73 20 17 0.540541 0.057803
74 21 17 0.552632 0.060694
75 21 17 0.552632 0.060694
76 22 17 0.564103 0.063584
77 22 17 0.564103 0.063584
78 23 17 0.575000 0.066474
79 23 17 0.575000 0.066474
80 23 18 0.560976 0.066474
81 23 18 0.560976 0.066474
82 23 19 0.547619 0.066474
83 23 19 0.547619 0.066474
84 24 19 0.558140 0.069364
85 24 19 0.558140 0.069364
86 25 19 0.568182 0.072254
87 25 19 0.568182 0.072254
88 26 19 0.577778 0.075145
89 26 19 0.577778 0.075145
90 26 20 0.565217 0.075145
91 26 20 0.565217 0.075145
92 26 21 0.553191 0.075145
93 26 21 0.553191 0.075145
94 27 21 0.562500 0.078035
95 27 21 0.562500 0.078035
96 28 21 0.571429 0.080925
97 28 21 0.571429 0.080925
98 28 22 0.560000 0.080925
99 28 22 0.560000 0.080925
100 29 22 0.568627 0.083815
101 29 22 0.568627 0.083815
102 29 23 0.557692 0.083815
103 29 23 0.557692 0.083815
104 29 24 0.547170 0.083815
105 29 24 0.547170 0.083815
106 29 25 0.537037 0.083815
107 29 25 0.537037 0.083815
108 29 26 0.527273 0.083815
109 29 26 0.527273 0.083815
110 30 26 0.535714 0.086705
111 30 26 0.535714 0.086705
112 31 26 0.543860 0.089595
113 31 26 0.543860 0.089595
114 31 27 0.534483 0.089595
115 31 27 0.534483 0.089595
116 31 28 0.525424 0.089595
117 31 28 0.525424 0.089595
118 31 29 0.516667 0.089595
119 31 29 0.516667 0.089595
120 31 30 0.508197 0.089595
121 31 30 0.508197 0.089595
122 31 31 0.500000 0.089595
123 31 31 0.500000 0.089595
124 31 32 0.492063 0.089595
125 31 32 0.492063 0.089595
126 32 32 0.500000 0.092486
127 32 32 0.500000 0.092486
128 32 33 0.492308 0.092486
129 32 33 0.492308 0.092486
130 32 34 0.484848 0.092486
131 32 34 0.484848 0.092486
132 33 34 0.492537 0.095376
133 33 34 0.492537 0.095376
134 33 35 0.485294 0.095376
135 33 35 0.485294 0.095376
136 34 35 0.492754 0.098266
137 34 35 0.492754 0.098266
138 35 35 0.500000 0.101156
139 35 35 0.500000 0.101156
140 36 35 0.507042 0.104046
141 36 35 0.507042 0.104046
142 37 35 0.513889 0.106936
143 37 35 0.513889 0.106936
144 38 35 0.520548 0.109827
145 38 35 0.520548 0.109827
146 38 36 0.513514 0.109827
147 38 36 0.513514 0.109827
148 38 37 0.506667 0.109827
149 38 37 0.506667 0.109827
150 39 37 0.513158 0.112717
151 39 37 0.513158 0.112717
152 40 37 0.519481 0.115607
153 40 37 0.519481 0.115607
154 41 37 0.525641 0.118497
155 41 37 0.525641 0.118497
156 42 37 0.531646 0.121387
157 42 37 0.531646 0.121387
158 43 37 0.537500 0.124277
159 43 37 0.537500 0.124277
160 43 38 0.530864 0.124277
161 43 38 0.530864 0.124277
162 43 39 0.524390 0.124277
163 43 39 0.524390 0.124277
164 44 39 0.530120 0.127168
165 44 39 0.530120 0.127168
166 44 40 0.523810 0.127168
167 44 40 0.523810 0.127168
168 45 40 0.529412 0.130058
169 45 40 0.529412 0.130058
170 46 40 0.534884 0.132948
171 46 40 0.534884 0.132948
172 47 40 0.540230 0.135838
173 47 40 0.540230 0.135838
174 48 40 0.545455 0.138728
175 48 40 0.545455 0.138728
176 48 41 0.539326 0.138728
177 48 41 0.539326 0.138728
178 49 41 0.544444 0.141618
179 49 41 0.544444 0.141618
180 50 41 0.549451 0.144509
181 50 41 0.549451 0.144509
182 51 41 0.554348 0.147399
183 51 41 0.554348 0.147399
184 52 41 0.559140 0.150289
185 52 41 0.559140 0.150289
186 53 41 0.563830 0.153179
187 53 41 0.563830 0.153179
188 54 41 0.568421 0.156069
189 54 41 0.568421 0.156069
190 54 42 0.562500 0.156069
191 54 42 0.562500 0.156069
192 55 42 0.567010 0.158960
193 55 42 0.567010 0.158960
194 56 42 0.571429 0.161850
195 56 42 0.571429 0.161850
196 57 42 0.575758 0.164740
197 57 42 0.575758 0.164740
198 57 43 0.570000 0.164740
199 57 43 0.570000 0.164740
200 58 43 0.574257 0.167630
201 58 43 0.574257 0.167630
202 59 43 0.578431 0.170520
203 59 43 0.578431 0.170520
204 60 43 0.582524 0.173410
205 60 43 0.582524 0.173410
206 61 43 0.586538 0.176301
207 61 43 0.586538 0.176301
208 61 44 0.580952 0.176301
209 61 44 0.580952 0.176301
210 61 45 0.575472 0.176301
211 61 45 0.575472 0.176301
212 61 46 0.570093 0.176301
213 61 46 0.570093 0.176301
214 62 46 0.574074 0.179191
215 62 46 0.574074 0.179191
216 62 47 0.568807 0.179191
217 62 47 0.568807 0.179191
218 63 47 0.572727 0.182081
219 63 47 0.572727 0.182081
220 64 47 0.576577 0.184971
221 64 47 0.576577 0.184971
222 65 47 0.580357 0.187861
223 65 47 0.580357 0.187861
224 65 48 0.575221 0.187861
225 65 48 0.575221 0.187861
226 66 48 0.578947 0.190751
227 66 48 0.578947 0.190751
228 67 48 0.582609 0.193642
229 67 48 0.582609 0.193642
230 68 48 0.586207 0.196532
231 68 48 0.586207 0.196532
232 68 49 0.581197 0.196532
233 68 49 0.581197 0.196532
234 69 49 0.584746 0.199422
235 69 49 0.584746 0.199422
236 70 49 0.588235 0.202312
237 70 49 0.588235 0.202312
238 71 49 0.591667 0.205202
239 71 49 0.591667 0.205202
240 72 49 0.595041 0.208092
241 72 49 0.595041 0.208092
242 72 50 0.590164 0.208092
243 72 50 0.590164 0.208092
244 73 50 0.593496 0.210983
245 73 50 0.593496 0.210983
246 74 50 0.596774 0.213873
247 74 50 0.596774 0.213873
248 75 50 0.600000 0.216763
249 75 50 0.600000 0.216763
250 76 50 0.603175 0.219653
251 76 50 0.603175 0.219653
252 77 50 0.606299 0.222543
253 77 50 0.606299 0.222543
254 78 50 0.609375 0.225434
255 78 50 0.609375 0.225434
256 78 51 0.604651 0.225434
257 78 51 0.604651 0.225434
258 79 51 0.607692 0.228324
259 79 51 0.607692 0.228324
260 79 52 0.603053 0.228324
261 79 52 0.603053 0.228324
262 80 52 0.606061 0.231214
263 80 52 0.606061 0.231214
264 81 52 0.609023 0.234104
265 81 52 0.609023 0.234104
266 81 53 0.604478 0.234104
267 81 53 0.604478 0.234104
268 82 53 0.607407 0.236994
269 82 53 0.607407 0.236994
270 83 53 0.610294 0.239884
271 83 53 0.610294 0.239884
272 84 53 0.613139 0.242775
273 84 53 0.613139 0.242775
274 85 53 0.615942 0.245665
275 85 53 0.615942 0.245665
276 85 54 0.611511 0.245665
277 85 54 0.611511 0.245665
278 86 54 0.614286 0.248555
279 86 54 0.614286 0.248555
280 87 54 0.617021 0.251445
281 87 54 0.617021 0.251445
282 87 55 0.612676 0.251445
283 87 55 0.612676 0.251445
284 88 55 0.615385 0.254335
285 88 55 0.615385 0.254335
286 89 55 0.618056 0.257225
287 89 55 0.618056 0.257225
288 90 55 0.620690 0.260116
289 90 55 0.620690 0.260116
290 91 55 0.623288 0.263006
291 91 55 0.623288 0.263006
292 92 55 0.625850 0.265896
293 92 55 0.625850 0.265896
294 93 55 0.628378 0.268786
295 93 55 0.628378 0.268786
296 94 55 0.630872 0.271676
297 94 55 0.630872 0.271676
298 95 55 0.633333 0.274566
299 95 55 0.633333 0.274566
300 96 55 0.635762 0.277457
301 96 55 0.635762 0.277457
302 97 55 0.638158 0.280347
303 97 55 0.638158 0.280347
304 98 55 0.640523 0.283237
305 98 55 0.640523 0.283237
306 98 56 0.636364 0.283237
307 98 56 0.636364 0.283237
308 98 57 0.632258 0.283237
309 98 57 0.632258 0.283237
310 98 58 0.628205 0.283237
311 98 58 0.628205 0.283237
312 99 58 0.630573 0.286127
313 99 58 0.630573 0.286127
314 100 58 0.632911 0.289017
315 100 58 0.632911 0.289017
316 101 58 0.635220 0.291908
317 101 58 0.635220 0.291908
318 102 58 0.637500 0.294798
319 102 58 0.637500 0.294798
320 103 58 0.639752 0.297688
321 103 58 0.639752 0.297688
322 104 58 0.641975 0.300578
323 104 58 0.641975 0.300578
324 105 58 0.644172 0.303468
325 105 58 0.644172 0.303468
326 106 58 0.646341 0.306358
327 106 58 0.646341 0.306358
328 107 58 0.648485 0.309249
329 107 58 0.648485 0.309249
330 107 59 0.644578 0.309249
331 107 59 0.644578 0.309249
332 108 59 0.646707 0.312139
333 108 59 0.646707 0.312139
334 109 59 0.648810 0.315029
335 109 59 0.648810 0.315029
336 110 59 0.650888 0.317919
337 110 59 0.650888 0.317919
338 111 59 0.652941 0.320809
339 111 59 0.652941 0.320809
340 112 59 0.654971 0.323699
341 112 59 0.654971 0.323699
342 113 59 0.656977 0.326590
343 113 59 0.656977 0.326590
344 113 60 0.653179 0.326590
345 113 60 0.653179 0.326590
346 113 61 0.649425 0.326590
347 113 61 0.649425 0.326590
348 113 62 0.645714 0.326590
349 113 62 0.645714 0.326590
350 114 62 0.647727 0.329480
351 114 62 0.647727 0.329480
352 114 63 0.644068 0.329480
353 114 63 0.644068 0.329480
354 115 63 0.646067 0.332370
355 115 63 0.646067 0.332370
356 116 63 0.648045 0.335260
357 116 63 0.648045 0.335260
358 117 63 0.650000 0.338150
359 117 63 0.650000 0.338150
360 117 64 0.646409 0.338150
361 117 64 0.646409 0.338150
362 118 64 0.648352 0.341040
363 118 64 0.648352 0.341040
364 118 65 0.644809 0.341040
365 118 65 0.644809 0.341040
366 118 66 0.641304 0.341040
367 118 66 0.641304 0.341040
368 118 67 0.637838 0.341040
369 118 67 0.637838 0.341040
370 119 67 0.639785 0.343931
371 119 67 0.639785 0.343931
372 119 68 0.636364 0.343931
373 119 68 0.636364 0.343931
374 119 69 0.632979 0.343931
375 119 69 0.632979 0.343931
376 120 69 0.634921 0.346821
377 120 69 0.634921 0.346821
378 121 69 0.636842 0.349711
379 121 69 0.636842 0.349711
380 121 70 0.633508 0.349711
381 121 70 0.633508 0.349711
382 122 70 0.635417 0.352601
383 122 70 0.635417 0.352601
384 122 71 0.632124 0.352601
385 122 71 0.632124 0.352601
386 123 71 0.634021 0.355491
387 123 71 0.634021 0.355491
388 124 71 0.635897 0.358382
389 124 71 0.635897 0.358382
390 125 71 0.637755 0.361272
391 125 71 0.637755 0.361272
392 126 71 0.639594 0.364162
393 126 71 0.639594 0.364162
394 126 72 0.636364 0.364162
395 126 72 0.636364 0.364162
396 127 72 0.638191 0.367052
397 127 72 0.638191 0.367052
398 128 72 0.640000 0.369942
399 128 72 0.640000 0.369942
400 128 73 0.636816 0.369942
401 128 73 0.636816 0.369942
402 129 73 0.638614 0.372832
403 129 73 0.638614 0.372832
404 129 74 0.635468 0.372832
405 129 74 0.635468 0.372832
406 130 74 0.637255 0.375723
407 130 74 0.637255 0.375723
408 131 74 0.639024 0.378613
409 131 74 0.639024 0.378613
410 132 74 0.640777 0.381503
411 132 74 0.640777 0.381503
412 133 74 0.642512 0.384393
413 133 74 0.642512 0.384393
414 134 74 0.644231 0.387283
415 134 74 0.644231 0.387283
416 134 75 0.641148 0.387283
417 134 75 0.641148 0.387283
418 135 75 0.642857 0.390173
419 135 75 0.642857 0.390173
420 136 75 0.644550 0.393064
421 136 75 0.644550 0.393064
422 137 75 0.646226 0.395954
423 137 75 0.646226 0.395954
424 137 76 0.643192 0.395954
425 137 76 0.643192 0.395954
426 138 76 0.644860 0.398844
427 138 76 0.644860 0.398844
428 139 76 0.646512 0.401734
429 139 76 0.646512 0.401734
430 140 76 0.648148 0.404624
431 140 76 0.648148 0.404624
432 141 76 0.649770 0.407514
433 141 76 0.649770 0.407514
434 141 77 0.646789 0.407514
435 141 77 0.646789 0.407514
436 141 78 0.643836 0.407514
437 141 78 0.643836 0.407514
438 142 78 0.645455 0.410405
439 142 78 0.645455 0.410405
440 143 78 0.647059 0.413295
441 143 78 0.647059 0.413295
442 144 78 0.648649 0.416185
443 144 78 0.648649 0.416185
444 144 79 0.645740 0.416185
445 144 79 0.645740 0.416185
446 145 79 0.647321 0.419075
447 145 79 0.647321 0.419075
448 146 79 0.648889 0.421965
449 146 79 0.648889 0.421965
450 147 79 0.650442 0.424856
451 147 79 0.650442 0.424856
452 148 79 0.651982 0.427746
453 148 79 0.651982 0.427746
454 149 79 0.653509 0.430636
455 149 79 0.653509 0.430636
456 150 79 0.655022 0.433526
457 150 79 0.655022 0.433526
458 151 79 0.656522 0.436416
459 151 79 0.656522 0.436416
460 152 79 0.658009 0.439306
461 152 79 0.658009 0.439306
462 153 79 0.659483 0.442197
463 153 79 0.659483 0.442197
464 154 79 0.660944 0.445087
465 154 79 0.660944 0.445087
466 155 79 0.662393 0.447977
467 155 79 0.662393 0.447977
468 155 80 0.659574 0.447977
469 155 80 0.659574 0.447977
470 155 81 0.656780 0.447977
471 155 81 0.656780 0.447977
472 156 81 0.658228 0.450867
473 156 81 0.658228 0.450867
474 156 82 0.655462 0.450867
475 156 82 0.655462 0.450867
476 157 82 0.656904 0.453757
477 157 82 0.656904 0.453757
478 158 82 0.658333 0.456647
479 158 82 0.658333 0.456647
480 159 82 0.659751 0.459538
481 159 82 0.659751 0.459538
482 160 82 0.661157 0.462428
483 160 82 0.661157 0.462428
484 161 82 0.662551 0.465318
485 161 82 0.662551 0.465318
486 161 83 0.659836 0.465318
487 161 83 0.659836 0.465318
488 162 83 0.661224 0.468208
489 162 83 0.661224 0.468208
490 162 84 0.658537 0.468208
491 162 84 0.658537 0.468208
492 163 84 0.659919 0.471098
493 163 84 0.659919 0.471098
494 164 84 0.661290 0.473988
495 164 84 0.661290 0.473988
496 165 84 0.662651 0.476879
497 165 84 0.662651 0.476879
498 165 85 0.660000 0.476879
499 165 85 0.660000 0.476879
500 166 85 0.661355 0.479769
501 166 85 0.661355 0.479769
502 167 85 0.662698 0.482659
503 167 85 0.662698 0.482659
504 168 85 0.664032 0.485549
505 168 85 0.664032 0.485549
506 169 85 0.665354 0.488439
507 169 85 0.665354 0.488439
508 170 85 0.666667 0.491329
509 170 85 0.666667 0.491329
510 170 86 0.664062 0.491329
511 170 86 0.664062 0.491329
512 171 86 0.665370 0.494220
513 171 86 0.665370 0.494220
514 172 86 0.666667 0.497110
515 172 86 0.666667 0.497110
516 172 87 0.664093 0.497110
517 172 87 0.664093 0.497110
518 173 87 0.665385 0.500000
519 173 87 0.665385 0.500000
520 174 87 0.666667 0.502890
521 174 87 0.666667 0.502890
522 175 87 0.667939 0.505780
523 175 87 0.667939 0.505780
524 176 87 0.669201 0.508671
525 176 87 0.669201 0.508671
526 177 87 0.670455 0.511561
527 177 87 0.670455 0.511561
528 178 87 0.671698 0.514451
529 178 87 0.671698 0.514451
530 179 87 0.672932 0.517341
531 179 87 0.672932 0.517341
532 180 87 0.674157 0.520231
533 180 87 0.674157 0.520231
534 180 88 0.671642 0.520231
535 180 88 0.671642 0.520231
536 180 89 0.669145 0.520231
537 180 89 0.669145 0.520231
538 181 89 0.670370 0.523121
539 181 89 0.670370 0.523121
540 182 89 0.671587 0.526012
541 182 89 0.671587 0.526012
542 183 89 0.672794 0.528902
543 183 89 0.672794 0.528902
544 183 90 0.670330 0.528902
545 183 90 0.670330 0.528902
546 183 91 0.667883 0.528902
547 183 91 0.667883 0.528902
548 184 91 0.669091 0.531792
549 184 91 0.669091 0.531792
550 184 92 0.666667 0.531792
551 184 92 0.666667 0.531792
552 185 92 0.667870 0.534682
553 185 92 0.667870 0.534682
554 185 93 0.665468 0.534682
555 185 93 0.665468 0.534682
556 186 93 0.666667 0.537572
557 186 93 0.666667 0.537572
558 187 93 0.667857 0.540462
559 187 93 0.667857 0.540462
560 188 93 0.669039 0.543353
561 188 93 0.669039 0.543353
562 189 93 0.670213 0.546243
563 189 93 0.670213 0.546243
564 189 94 0.667845 0.546243
565 189 94 0.667845 0.546243
566 189 95 0.665493 0.546243
567 189 95 0.665493 0.546243
568 190 95 0.666667 0.549133
569 190 95 0.666667 0.549133
570 191 95 0.667832 0.552023
571 191 95 0.667832 0.552023
572 192 95 0.668990 0.554913
573 192 95 0.668990 0.554913
574 193 95 0.670139 0.557803
575 193 95 0.670139 0.557803
576 193 96 0.667820 0.557803
577 193 96 0.667820 0.557803
578 193 97 0.665517 0.557803
579 193 97 0.665517 0.557803
580 194 97 0.666667 0.560694
581 194 97 0.666667 0.560694
582 195 97 0.667808 0.563584
583 195 97 0.667808 0.563584
584 196 97 0.668942 0.566474
585 196 97 0.668942 0.566474
586 197 97 0.670068 0.569364
587 197 97 0.670068 0.569364
588 198 97 0.671186 0.572254
589 198 97 0.671186 0.572254
590 198 98 0.668919 0.572254
591 198 98 0.668919 0.572254
592 198 99 0.666667 0.572254
593 198 99 0.666667 0.572254
594 199 99 0.667785 0.575145
595 199 99 0.667785 0.575145
596 200 99 0.668896 0.578035
597 200 99 0.668896 0.578035
598 201 99 0.670000 0.580925
599 201 99 0.670000 0.580925
600 202 99 0.671096 0.583815
601 202 99 0.671096 0.583815
602 203 99 0.672185 0.586705
603 203 99 0.672185 0.586705
604 204 99 0.673267 0.589595
605 204 99 0.673267 0.589595
606 204 100 0.671053 0.589595
607 204 100 0.671053 0.589595
608 205 100 0.672131 0.592486
609 205 100 0.672131 0.592486
610 206 100 0.673203 0.595376
611 206 100 0.673203 0.595376
612 207 100 0.674267 0.598266
613 207 100 0.674267 0.598266
614 207 101 0.672078 0.598266
615 207 101 0.672078 0.598266
616 208 101 0.673139 0.601156
617 208 101 0.673139 0.601156
618 209 101 0.674194 0.604046
619 209 101 0.674194 0.604046
620 209 102 0.672026 0.604046
621 209 102 0.672026 0.604046
622 210 102 0.673077 0.606936
623 210 102 0.673077 0.606936
624 211 102 0.674121 0.609827
625 211 102 0.674121 0.609827
626 212 102 0.675159 0.612717
627 212 102 0.675159 0.612717
628 212 103 0.673016 0.612717
629 212 103 0.673016 0.612717
630 213 103 0.674051 0.615607
631 213 103 0.674051 0.615607
632 214 103 0.675079 0.618497
633 214 103 0.675079 0.618497
634 215 103 0.676101 0.621387
635 215 103 0.676101 0.621387
636 216 103 0.677116 0.624277
637 216 103 0.677116 0.624277
638 216 104 0.675000 0.624277
639 216 104 0.675000 0.624277
640 217 104 0.676012 0.627168
641 217 104 0.676012 0.627168
642 218 104 0.677019 0.630058
643 218 104 0.677019 0.630058
644 219 104 0.678019 0.632948
645 219 104 0.678019 0.632948
646 220 104 0.679012 0.635838
647 220 104 0.679012 0.635838
648 221 104 0.680000 0.638728
649 221 104 0.680000 0.638728
650 221 105 0.677914 0.638728
651 221 105 0.677914 0.638728
652 222 105 0.678899 0.641618
653 222 105 0.678899 0.641618
654 222 106 0.676829 0.641618
655 222 106 0.676829 0.641618
656 222 107 0.674772 0.641618
657 222 107 0.674772 0.641618
658 223 107 0.675758 0.644509
659 223 107 0.675758 0.644509
660 223 108 0.673716 0.644509
661 223 108 0.673716 0.644509
662 224 108 0.674699 0.647399
663 224 108 0.674699 0.647399
664 225 108 0.675676 0.650289
665 225 108 0.675676 0.650289
666 226 108 0.676647 0.653179
667 226 108 0.676647 0.653179
668 227 108 0.677612 0.656069
669 227 108 0.677612 0.656069
670 228 108 0.678571 0.658960
671 228 108 0.678571 0.658960
672 229 108 0.679525 0.661850
673 229 108 0.679525 0.661850
674 229 109 0.677515 0.661850
675 229 109 0.677515 0.661850
676 229 110 0.675516 0.661850
677 229 110 0.675516 0.661850
678 230 110 0.676471 0.664740
679 230 110 0.676471 0.664740
680 231 110 0.677419 0.667630
681 231 110 0.677419 0.667630
682 231 111 0.675439 0.667630
683 231 111 0.675439 0.667630
684 231 112 0.673469 0.667630
685 231 112 0.673469 0.667630
686 232 112 0.674419 0.670520
687 232 112 0.674419 0.670520
688 233 112 0.675362 0.673410
689 233 112 0.675362 0.673410
690 234 112 0.676301 0.676301
691 234 112 0.676301 0.676301
692 234 113 0.674352 0.676301
693 234 113 0.674352 0.676301
694 235 113 0.675287 0.679191
695 235 113 0.675287 0.679191
696 236 113 0.676218 0.682081
697 236 113 0.676218 0.682081
698 237 113 0.677143 0.684971
699 237 113 0.677143 0.684971
700 238 113 0.678063 0.687861
701 238 113 0.678063 0.687861
702 238 114 0.676136 0.687861
703 238 114 0.676136 0.687861
704 239 114 0.677054 0.690751
705 239 114 0.677054 0.690751
706 240 114 0.677966 0.693642
707 240 114 0.677966 0.693642
708 241 114 0.678873 0.696532
709 241 114 0.678873 0.696532
710 242 114 0.679775 0.699422
711 242 114 0.679775 0.699422
712 243 114 0.680672 0.702312
713 243 114 0.680672 0.702312
714 243 115 0.678771 0.702312
715 243 115 0.678771 0.702312
716 243 116 0.676880 0.702312
717 243 116 0.676880 0.702312
718 243 117 0.675000 0.702312
719 243 117 0.675000 0.702312
720 244 117 0.675900 0.705202
721 244 117 0.675900 0.705202
722 245 117 0.676796 0.708093
723 245 117 0.676796 0.708093
724 246 117 0.677686 0.710983
725 246 117 0.677686 0.710983
726 247 117 0.678571 0.713873
727 247 117 0.678571 0.713873
728 248 117 0.679452 0.716763
729 248 117 0.679452 0.716763
730 248 118 0.677596 0.716763
731 248 118 0.677596 0.716763
732 249 118 0.678474 0.719653
733 249 118 0.678474 0.719653
734 250 118 0.679348 0.722543
735 250 118 0.679348 0.722543
736 250 119 0.677507 0.722543
737 250 119 0.677507 0.722543
738 251 119 0.678378 0.725434
739 251 119 0.678378 0.725434
740 252 119 0.679245 0.728324
741 252 119 0.679245 0.728324
742 252 120 0.677419 0.728324
743 252 120 0.677419 0.728324
744 253 120 0.678284 0.731214
745 253 120 0.678284 0.731214
746 253 121 0.676471 0.731214
747 253 121 0.676471 0.731214
748 254 121 0.677333 0.734104
749 254 121 0.677333 0.734104
750 255 121 0.678191 0.736994
751 255 121 0.678191 0.736994
752 255 122 0.676393 0.736994
753 255 122 0.676393 0.736994
754 256 122 0.677249 0.739884
755 256 122 0.677249 0.739884
756 257 122 0.678100 0.742775
757 257 122 0.678100 0.742775
758 257 123 0.676316 0.742775
759 257 123 0.676316 0.742775
760 258 123 0.677165 0.745665
761 258 123 0.677165 0.745665
762 258 123 0.677165 0.745665
763 258 123 0.677165 0.745665
764 258 123 0.677165 0.745665
765 258 123 0.677165 0.745665
766 258 123 0.677165 0.745665
767 258 123 0.677165 0.745665
768 258 123 0.677165 0.745665
769 258 123 0.677165 0.745665
770 258 123 0.677165 0.745665
771 258 123 0.677165 0.745665
772 258 123 0.677165 0.745665
773 258 123 0.677165 0.745665
774 258 123 0.677165 0.745665
775 258 123 0.677165 0.745665
776 258 123 0.677165 0.745665
777 258 123 0.677165 0.745665
778 258 123 0.677165 0.745665
779 258 123 0.677165 0.745665
780 258 123 0.677165 0.745665
781 258 123 0.677165 0.745665
782 258 123 0.677165 0.745665
783 258 123 0.677165 0.745665
784 258 123 0.677165 0.745665
785 258 123 0.677165 0.745665
786 258 123 0.677165 0.745665
787 258 123 0.677165 0.745665
788 258 123 0.677165 0.745665
789 258 123 0.677165 0.745665
790 258 123 0.677165 0.745665
791 258 123 0.677165 0.745665
792 258 123 0.677165 0.745665
793 258 123 0.677165 0.745665
794 258 123 0.677165 0.745665
795 258 123 0.677165 0.745665
796 258 123 0.677165 0.745665
797 258 123 0.677165 0.745665
798 258 123 0.677165 0.745665
799 258 123 0.677165 0.745665
800 258 123 0.677165 0.745665
801 258 123 0.677165 0.745665
802 258 123 0.677165 0.745665
803 258 123 0.677165 0.745665
804 258 123 0.677165 0.745665
805 258 123 0.677165 0.745665
806 258 123 0.677165 0.745665
