Index,TP,FP,Precision,Recall 
0 0 1 0 0.000000
1 0 1 0 0.000000
2 1 1 0.500000 0.003185
3 1 1 0.500000 0.003185
4 1 2 0.333333 0.003185
5 1 2 0.333333 0.003185
6 2 2 0.500000 0.006369
7 2 2 0.500000 0.006369
8 2 3 0.400000 0.006369
9 2 3 0.400000 0.006369
10 2 4 0.333333 0.006369
11 2 4 0.333333 0.006369
12 3 4 0.428571 0.009554
13 3 4 0.428571 0.009554
14 3 5 0.375000 0.009554
15 3 5 0.375000 0.009554
16 4 5 0.444444 0.012739
17 4 5 0.444444 0.012739
18 5 5 0.500000 0.015924
19 5 5 0.500000 0.015924
20 6 5 0.545455 0.019108
21 6 5 0.545455 0.019108
22 6 6 0.500000 0.019108
23 6 6 0.500000 0.019108
24 6 7 0.461538 0.019108
25 6 7 0.461538 0.019108
26 6 8 0.428571 0.019108
27 6 8 0.428571 0.019108
28 6 9 0.400000 0.019108
29 6 9 0.400000 0.019108
30 6 10 0.375000 0.019108
31 6 10 0.375000 0.019108
32 6 11 0.352941 0.019108
33 6 11 0.352941 0.019108
34 6 12 0.333333 0.019108
35 6 12 0.333333 0.019108
36 7 12 0.368421 0.022293
37 7 12 0.368421 0.022293
38 7 13 0.350000 0.022293
39 7 13 0.350000 0.022293
40 7 14 0.333333 0.022293
41 7 14 0.333333 0.022293
42 8 14 0.363636 0.025478
43 8 14 0.363636 0.025478
44 8 15 0.347826 0.025478
45 8 15 0.347826 0.025478
46 8 16 0.333333 0.025478
47 8 16 0.333333 0.025478
48 8 17 0.320000 0.025478
49 8 17 0.320000 0.025478
50 9 17 0.346154 0.028662
51 9 17 0.346154 0.028662
52 10 17 0.370370 0.031847
53 10 17 0.370370 0.031847
54 11 17 0.392857 0.035032
55 11 17 0.392857 0.035032
56 11 18 0.379310 0.035032
57 11 18 0.379310 0.035032
58 11 19 0.366667 0.035032
59 11 19 0.366667 0.035032
60 12 19 0.387097 0.038217
61 12 19 0.387097 0.038217
62 12 20 0.375000 0.038217
63 12 20 0.375000 0.038217
64 13 20 0.393939 0.041401
65 13 20 0.393939 0.041401
66 13 21 0.382353 0.041401
67 13 21 0.382353 0.041401
68 13 22 0.371429 0.041401
69 13 22 0.371429 0.041401
70 13 23 0.361111 0.041401
71 13 23 0.361111 0.041401
72 13 24 0.351351 0.041401
73 13 24 0.351351 0.041401
74 14 24 0.368421 0.044586
75 14 24 0.368421 0.044586
76 15 24 0.384615 0.047771
77 15 24 0.384615 0.047771
78 16 24 0.400000 0.050955
79 16 24 0.400000 0.050955
80 16 25 0.390244 0.050955
81 16 25 0.390244 0.050955
82 16 26 0.380952 0.050955
83 16 26 0.380952 0.050955
84 17 26 0.395349 0.054140
85 17 26 0.395349 0.054140
86 18 26 0.409091 0.057325
87 18 26 0.409091 0.057325
88 18 27 0.400000 0.057325
89 18 27 0.400000 0.057325
90 18 28 0.391304 0.057325
91 18 28 0.391304 0.057325
92 18 29 0.382979 0.057325
93 18 29 0.382979 0.057325
94 19 29 0.395833 0.060510
95 19 29 0.395833 0.060510
96 20 29 0.408163 0.063694
97 20 29 0.408163 0.063694
98 21 29 0.420000 0.066879
99 21 29 0.420000 0.066879
100 22 29 0.431373 0.070064
101 22 29 0.431373 0.070064
102 22 30 0.423077 0.070064
103 22 30 0.423077 0.070064
104 23 30 0.433962 0.073248
105 23 30 0.433962 0.073248
106 23 31 0.425926 0.073248
107 23 31 0.425926 0.073248
108 23 32 0.418182 0.073248
109 23 32 0.418182 0.073248
110 24 32 0.428571 0.076433
111 24 32 0.428571 0.076433
112 24 33 0.421053 0.076433
113 24 33 0.421053 0.076433
114 24 34 0.413793 0.076433
115 24 34 0.413793 0.076433
116 24 35 0.406780 0.076433
117 24 35 0.406780 0.076433
118 24 36 0.400000 0.076433
119 24 36 0.400000 0.076433
120 25 36 0.409836 0.079618
121 25 36 0.409836 0.079618
122 25 37 0.403226 0.079618
123 25 37 0.403226 0.079618
124 25 38 0.396825 0.079618
125 25 38 0.396825 0.079618
126 26 38 0.406250 0.082803
127 26 38 0.406250 0.082803
128 27 38 0.415385 0.085987
129 27 38 0.415385 0.085987
130 27 39 0.409091 0.085987
131 27 39 0.409091 0.085987
132 28 39 0.417910 0.089172
133 28 39 0.417910 0.089172
134 28 40 0.411765 0.089172
135 28 40 0.411765 0.089172
136 29 40 0.420290 0.092357
137 29 40 0.420290 0.092357
138 30 40 0.428571 0.095541
139 30 40 0.428571 0.095541
140 31 40 0.436620 0.098726
141 31 40 0.436620 0.098726
142 32 40 0.444444 0.101911
143 32 40 0.444444 0.101911
144 33 40 0.452055 0.105096
145 33 40 0.452055 0.105096
146 33 41 0.445946 0.105096
147 33 41 0.445946 0.105096
148 33 42 0.440000 0.105096
149 33 42 0.440000 0.105096
150 34 42 0.447368 0.108280
151 34 42 0.447368 0.108280
152 35 42 0.454545 0.111465
153 35 42 0.454545 0.111465
154 35 43 0.448718 0.111465
155 35 43 0.448718 0.111465
156 36 43 0.455696 0.114650
157 36 43 0.455696 0.114650
158 37 43 0.462500 0.117834
159 37 43 0.462500 0.117834
160 37 44 0.456790 0.117834
161 37 44 0.456790 0.117834
162 37 45 0.451219 0.117834
163 37 45 0.451219 0.117834
164 38 45 0.457831 0.121019
165 38 45 0.457831 0.121019
166 38 46 0.452381 0.121019
167 38 46 0.452381 0.121019
168 38 47 0.447059 0.121019
169 38 47 0.447059 0.121019
170 38 48 0.441860 0.121019
171 38 48 0.441860 0.121019
172 39 48 0.448276 0.124204
173 39 48 0.448276 0.124204
174 39 49 0.443182 0.124204
175 39 49 0.443182 0.124204
176 39 50 0.438202 0.124204
177 39 50 0.438202 0.124204
178 40 50 0.444444 0.127389
179 40 50 0.444444 0.127389
180 41 50 0.450549 0.130573
181 41 50 0.450549 0.130573
182 42 50 0.456522 0.133758
183 42 50 0.456522 0.133758
184 42 51 0.451613 0.133758
185 42 51 0.451613 0.133758
186 43 51 0.457447 0.136943
187 43 51 0.457447 0.136943
188 43 52 0.452632 0.136943
189 43 52 0.452632 0.136943
190 43 53 0.447917 0.136943
191 43 53 0.447917 0.136943
192 43 54 0.443299 0.136943
193 43 54 0.443299 0.136943
194 44 54 0.448980 0.140127
195 44 54 0.448980 0.140127
196 44 55 0.444444 0.140127
197 44 55 0.444444 0.140127
198 44 56 0.440000 0.140127
199 44 56 0.440000 0.140127
200 45 56 0.445545 0.143312
201 45 56 0.445545 0.143312
202 46 56 0.450980 0.146497
203 46 56 0.450980 0.146497
204 46 57 0.446602 0.146497
205 46 57 0.446602 0.146497
206 46 58 0.442308 0.146497
207 46 58 0.442308 0.146497
208 46 59 0.438095 0.146497
209 46 59 0.438095 0.146497
210 46 60 0.433962 0.146497
211 46 60 0.433962 0.146497
212 46 61 0.429907 0.146497
213 46 61 0.429907 0.146497
214 46 62 0.425926 0.146497
215 46 62 0.425926 0.146497
216 46 63 0.422018 0.146497
217 46 63 0.422018 0.146497
218 46 64 0.418182 0.146497
219 46 64 0.418182 0.146497
220 46 65 0.414414 0.146497
221 46 65 0.414414 0.146497
222 47 65 0.419643 0.149682
223 47 65 0.419643 0.149682
224 47 66 0.415929 0.149682
225 47 66 0.415929 0.149682
226 48 66 0.421053 0.152866
227 48 66 0.421053 0.152866
228 49 66 0.426087 0.156051
229 49 66 0.426087 0.156051
230 49 67 0.422414 0.156051
231 49 67 0.422414 0.156051
232 49 68 0.418803 0.156051
233 49 68 0.418803 0.156051
234 50 68 0.423729 0.159236
235 50 68 0.423729 0.159236
236 51 68 0.428571 0.162420
237 51 68 0.428571 0.162420
238 52 68 0.433333 0.165605
239 52 68 0.433333 0.165605
240 53 68 0.438017 0.168790
241 53 68 0.438017 0.168790
242 53 69 0.434426 0.168790
243 53 69 0.434426 0.168790
244 54 69 0.439024 0.171975
245 54 69 0.439024 0.171975
246 54 70 0.435484 0.171975
247 54 70 0.435484 0.171975
248 55 70 0.440000 0.175159
249 55 70 0.440000 0.175159
250 55 71 0.436508 0.175159
251 55 71 0.436508 0.175159
252 56 71 0.440945 0.178344
253 56 71 0.440945 0.178344
254 57 71 0.445312 0.181529
255 57 71 0.445312 0.181529
256 58 71 0.449612 0.184713
257 58 71 0.449612 0.184713
258 58 72 0.446154 0.184713
259 58 72 0.446154 0.184713
260 59 72 0.450382 0.187898
261 59 72 0.450382 0.187898
262 60 72 0.454545 0.191083
263 60 72 0.454545 0.191083
264 61 72 0.458647 0.194268
265 61 72 0.458647 0.194268
266 62 72 0.462687 0.197452
267 62 72 0.462687 0.197452
268 63 72 0.466667 0.200637
269 63 72 0.466667 0.200637
270 64 72 0.470588 0.203822
271 64 72 0.470588 0.203822
272 65 72 0.474453 0.207006
273 65 72 0.474453 0.207006
274 66 72 0.478261 0.210191
275 66 72 0.478261 0.210191
276 67 72 0.482014 0.213376
277 67 72 0.482014 0.213376
278 68 72 0.485714 0.216561
279 68 72 0.485714 0.216561
280 69 72 0.489362 0.219745
281 69 72 0.489362 0.219745
282 69 73 0.485915 0.219745
283 69 73 0.485915 0.219745
284 70 73 0.489510 0.222930
285 70 73 0.489510 0.222930
286 71 73 0.493056 0.226115
287 71 73 0.493056 0.226115
288 71 74 0.489655 0.226115
289 71 74 0.489655 0.226115
290 72 74 0.493151 0.229299
291 72 74 0.493151 0.229299
292 72 75 0.489796 0.229299
293 72 75 0.489796 0.229299
294 72 76 0.486486 0.229299
295 72 76 0.486486 0.229299
296 73 76 0.489933 0.232484
297 73 76 0.489933 0.232484
298 74 76 0.493333 0.235669
299 74 76 0.493333 0.235669
300 75 76 0.496689 0.238853
301 75 76 0.496689 0.238853
302 76 76 0.500000 0.242038
303 76 76 0.500000 0.242038
304 77 76 0.503268 0.245223
305 77 76 0.503268 0.245223
306 77 77 0.500000 0.245223
307 77 77 0.500000 0.245223
308 77 78 0.496774 0.245223
309 77 78 0.496774 0.245223
310 77 79 0.493590 0.245223
311 77 79 0.493590 0.245223
312 78 79 0.496815 0.248408
313 78 79 0.496815 0.248408
314 79 79 0.500000 0.251592
315 79 79 0.500000 0.251592
316 80 79 0.503145 0.254777
317 80 79 0.503145 0.254777
318 80 80 0.500000 0.254777
319 80 80 0.500000 0.254777
320 80 81 0.496894 0.254777
321 80 81 0.496894 0.254777
322 81 81 0.500000 0.257962
323 81 81 0.500000 0.257962
324 82 81 0.503067 0.261146
325 82 81 0.503067 0.261146
326 83 81 0.506098 0.264331
327 83 81 0.506098 0.264331
328 84 81 0.509091 0.267516
329 84 81 0.509091 0.267516
330 84 82 0.506024 0.267516
331 84 82 0.506024 0.267516
332 85 82 0.508982 0.270701
333 85 82 0.508982 0.270701
334 85 83 0.505952 0.270701
335 85 83 0.505952 0.270701
336 86 83 0.508876 0.273885
337 86 83 0.508876 0.273885
338 87 83 0.511765 0.277070
339 87 83 0.511765 0.277070
340 87 84 0.508772 0.277070
341 87 84 0.508772 0.277070
342 87 85 0.505814 0.277070
343 87 85 0.505814 0.277070
344 87 86 0.502890 0.277070
345 87 86 0.502890 0.277070
346 87 87 0.500000 0.277070
347 87 87 0.500000 0.277070
348 88 87 0.502857 0.280255
349 88 87 0.502857 0.280255
350 89 87 0.505682 0.283439
351 89 87 0.505682 0.283439
352 89 88 0.502825 0.283439
353 89 88 0.502825 0.283439
354 89 89 0.500000 0.283439
355 89 89 0.500000 0.283439
356 89 90 0.497207 0.283439
357 89 90 0.497207 0.283439
358 90 90 0.500000 0.286624
359 90 90 0.500000 0.286624
360 91 90 0.502762 0.289809
361 91 90 0.502762 0.289809
362 92 90 0.505495 0.292994
363 92 90 0.505495 0.292994
364 92 91 0.502732 0.292994
365 92 91 0.502732 0.292994
366 93 91 0.505435 0.296178
367 93 91 0.505435 0.296178
368 93 92 0.502703 0.296178
369 93 92 0.502703 0.296178
370 93 93 0.500000 0.296178
371 93 93 0.500000 0.296178
372 93 94 0.497326 0.296178
373 93 94 0.497326 0.296178
374 93 95 0.494681 0.296178
375 93 95 0.494681 0.296178
376 94 95 0.497355 0.299363
377 94 95 0.497355 0.299363
378 95 95 0.500000 0.302548
379 95 95 0.500000 0.302548
380 95 96 0.497382 0.302548
381 95 96 0.497382 0.302548
382 96 96 0.500000 0.305732
383 96 96 0.500000 0.305732
384 96 97 0.497409 0.305732
385 96 97 0.497409 0.305732
386 97 97 0.500000 0.308917
387 97 97 0.500000 0.308917
388 97 98 0.497436 0.308917
389 97 98 0.497436 0.308917
390 98 98 0.500000 0.312102
391 98 98 0.500000 0.312102
392 99 98 0.502538 0.315287
393 99 98 0.502538 0.315287
394 99 99 0.500000 0.315287
395 99 99 0.500000 0.315287
396 100 99 0.502513 0.318471
397 100 99 0.502513 0.318471
398 101 99 0.505000 0.321656
399 101 99 0.505000 0.321656
400 101 100 0.502488 0.321656
401 101 100 0.502488 0.321656
402 101 101 0.500000 0.321656
403 101 101 0.500000 0.321656
404 101 102 0.497537 0.321656
405 101 102 0.497537 0.321656
406 102 102 0.500000 0.324841
407 102 102 0.500000 0.324841
408 102 103 0.497561 0.324841
409 102 103 0.497561 0.324841
410 102 104 0.495146 0.324841
411 102 104 0.495146 0.324841
412 102 105 0.492754 0.324841
413 102 105 0.492754 0.324841
414 103 105 0.495192 0.328025
415 103 105 0.495192 0.328025
416 103 106 0.492823 0.328025
417 103 106 0.492823 0.328025
418 103 107 0.490476 0.328025
419 103 107 0.490476 0.328025
420 104 107 0.492891 0.331210
421 104 107 0.492891 0.331210
422 104 108 0.490566 0.331210
423 104 108 0.490566 0.331210
424 104 109 0.488263 0.331210
425 104 109 0.488263 0.331210
426 104 110 0.485981 0.331210
427 104 110 0.485981 0.331210
428 104 111 0.483721 0.331210
429 104 111 0.483721 0.331210
430 105 111 0.486111 0.334395
431 105 111 0.486111 0.334395
432 105 112 0.483871 0.334395
433 105 112 0.483871 0.334395
434 106 112 0.486239 0.337580
435 106 112 0.486239 0.337580
436 107 112 0.488584 0.340764
437 107 112 0.488584 0.340764
438 107 113 0.486364 0.340764
439 107 113 0.486364 0.340764
440 107 114 0.484163 0.340764
441 107 114 0.484163 0.340764
442 108 114 0.486486 0.343949
443 108 114 0.486486 0.343949
444 109 114 0.488789 0.347134
445 109 114 0.488789 0.347134
446 110 114 0.491071 0.350318
447 110 114 0.491071 0.350318
448 111 114 0.493333 0.353503
449 111 114 0.493333 0.353503
450 112 114 0.495575 0.356688
451 112 114 0.495575 0.356688
452 113 114 0.497797 0.359873
453 113 114 0.497797 0.359873
454 114 114 0.500000 0.363057
455 114 114 0.500000 0.363057
456 115 114 0.502183 0.366242
457 115 114 0.502183 0.366242
458 116 114 0.504348 0.369427
459 116 114 0.504348 0.369427
460 117 114 0.506494 0.372611
461 117 114 0.506494 0.372611
462 117 115 0.504310 0.372611
463 117 115 0.504310 0.372611
464 118 115 0.506438 0.375796
465 118 115 0.506438 0.375796
466 119 115 0.508547 0.378981
467 119 115 0.508547 0.378981
468 119 116 0.506383 0.378981
469 119 116 0.506383 0.378981
470 120 116 0.508475 0.382166
471 120 116 0.508475 0.382166
472 121 116 0.510549 0.385350
473 121 116 0.510549 0.385350
474 121 117 0.508403 0.385350
475 121 117 0.508403 0.385350
476 122 117 0.510460 0.388535
477 122 117 0.510460 0.388535
478 123 117 0.512500 0.391720
479 123 117 0.512500 0.391720
480 124 117 0.514523 0.394904
481 124 117 0.514523 0.394904
482 124 118 0.512397 0.394904
483 124 118 0.512397 0.394904
484 125 118 0.514403 0.398089
485 125 118 0.514403 0.398089
486 126 118 0.516393 0.401274
487 126 118 0.516393 0.401274
488 127 118 0.518367 0.404459
489 127 118 0.518367 0.404459
490 127 119 0.516260 0.404459
491 127 119 0.516260 0.404459
492 127 120 0.514170 0.404459
493 127 120 0.514170 0.404459
494 128 120 0.516129 0.407643
495 128 120 0.516129 0.407643
496 129 120 0.518072 0.410828
497 129 120 0.518072 0.410828
498 130 120 0.520000 0.414013
499 130 120 0.520000 0.414013
500 130 121 0.517928 0.414013
501 130 121 0.517928 0.414013
502 130 122 0.515873 0.414013
503 130 122 0.515873 0.414013
504 130 123 0.513834 0.414013
505 130 123 0.513834 0.414013
506 131 123 0.515748 0.417197
507 131 123 0.515748 0.417197
508 132 123 0.517647 0.420382
509 132 123 0.517647 0.420382
510 132 124 0.515625 0.420382
511 132 124 0.515625 0.420382
512 133 124 0.517510 0.423567
513 133 124 0.517510 0.423567
514 134 124 0.519380 0.426752
515 134 124 0.519380 0.426752
516 135 124 0.521236 0.429936
517 135 124 0.521236 0.429936
518 136 124 0.523077 0.433121
519 136 124 0.523077 0.433121
520 137 124 0.524904 0.436306
521 137 124 0.524904 0.436306
522 138 124 0.526718 0.439490
523 138 124 0.526718 0.439490
524 139 124 0.528517 0.442675
525 139 124 0.528517 0.442675
526 140 124 0.530303 0.445860
527 140 124 0.530303 0.445860
528 141 124 0.532075 0.449045
529 141 124 0.532075 0.449045
530 142 124 0.533835 0.452229
531 142 124 0.533835 0.452229
532 142 125 0.531835 0.452229
533 142 125 0.531835 0.452229
534 142 126 0.529851 0.452229
535 142 126 0.529851 0.452229
536 143 126 0.531599 0.455414
537 143 126 0.531599 0.455414
538 143 127 0.529630 0.455414
539 143 127 0.529630 0.455414
540 144 127 0.531365 0.458599
541 144 127 0.531365 0.458599
542 145 127 0.533088 0.461783
543 145 127 0.533088 0.461783
544 146 127 0.534799 0.464968
545 146 127 0.534799 0.464968
546 146 128 0.532847 0.464968
547 146 128 0.532847 0.464968
548 147 128 0.534545 0.468153
549 147 128 0.534545 0.468153
550 147 129 0.532609 0.468153
551 147 129 0.532609 0.468153
552 148 129 0.534296 0.471338
553 148 129 0.534296 0.471338
554 148 130 0.532374 0.471338
555 148 130 0.532374 0.471338
556 148 131 0.530466 0.471338
557 148 131 0.530466 0.471338
558 149 131 0.532143 0.474522
559 149 131 0.532143 0.474522
560 150 131 0.533808 0.477707
561 150 131 0.533808 0.477707
562 151 131 0.535461 0.480892
563 151 131 0.535461 0.480892
564 152 131 0.537102 0.484076
565 152 131 0.537102 0.484076
566 153 131 0.538732 0.487261
567 153 131 0.538732 0.487261
568 154 131 0.540351 0.490446
569 154 131 0.540351 0.490446
570 155 131 0.541958 0.493631
571 155 131 0.541958 0.493631
572 156 131 0.543554 0.496815
573 156 131 0.543554 0.496815
574 157 131 0.545139 0.500000
575 157 131 0.545139 0.500000
576 157 132 0.543253 0.500000
577 157 132 0.543253 0.500000
578 158 132 0.544828 0.503185
579 158 132 0.544828 0.503185
580 159 132 0.546392 0.506369
581 159 132 0.546392 0.506369
582 160 132 0.547945 0.509554
583 160 132 0.547945 0.509554
584 161 132 0.549488 0.512739
585 161 132 0.549488 0.512739
586 162 132 0.551020 0.515924
587 162 132 0.551020 0.515924
588 163 132 0.552542 0.519108
589 163 132 0.552542 0.519108
590 164 132 0.554054 0.522293
591 164 132 0.554054 0.522293
592 164 133 0.552189 0.522293
593 164 133 0.552189 0.522293
594 165 133 0.553691 0.525478
595 165 133 0.553691 0.525478
596 166 133 0.555184 0.528662
597 166 133 0.555184 0.528662
598 166 134 0.553333 0.528662
599 166 134 0.553333 0.528662
600 167 134 0.554817 0.531847
601 167 134 0.554817 0.531847
602 168 134 0.556291 0.535032
603 168 134 0.556291 0.535032
604 169 134 0.557756 0.538217
605 169 134 0.557756 0.538217
606 170 134 0.559211 0.541401
607 170 134 0.559211 0.541401
608 171 134 0.560656 0.544586
609 171 134 0.560656 0.544586
610 171 135 0.558824 0.544586
611 171 135 0.558824 0.544586
612 172 135 0.560261 0.547771
613 172 135 0.560261 0.547771
614 172 136 0.558442 0.547771
615 172 136 0.558442 0.547771
616 173 136 0.559871 0.550955
617 173 136 0.559871 0.550955
618 174 136 0.561290 0.554140
619 174 136 0.561290 0.554140
620 174 137 0.559486 0.554140
621 174 137 0.559486 0.554140
622 174 138 0.557692 0.554140
623 174 138 0.557692 0.554140
624 175 138 0.559105 0.557325
625 175 138 0.559105 0.557325
626 176 138 0.560510 0.560510
627 176 138 0.560510 0.560510
628 177 138 0.561905 0.563694
629 177 138 0.561905 0.563694
630 178 138 0.563291 0.566879
631 178 138 0.563291 0.566879
632 179 138 0.564669 0.570064
633 179 138 0.564669 0.570064
634 179 139 0.562893 0.570064
635 179 139 0.562893 0.570064
636 180 139 0.564263 0.573248
637 180 139 0.564263 0.573248
638 181 139 0.565625 0.576433
639 181 139 0.565625 0.576433
640 182 139 0.566978 0.579618
641 182 139 0.566978 0.579618
642 182 140 0.565217 0.579618
643 182 140 0.565217 0.579618
644 183 140 0.566563 0.582803
645 183 140 0.566563 0.582803
646 184 140 0.567901 0.585987
647 184 140 0.567901 0.585987
648 185 140 0.569231 0.589172
649 185 140 0.569231 0.589172
650 186 140 0.570552 0.592357
651 186 140 0.570552 0.592357
652 187 140 0.571865 0.595541
653 187 140 0.571865 0.595541
654 188 140 0.573171 0.598726
655 188 140 0.573171 0.598726
656 188 141 0.571429 0.598726
657 188 141 0.571429 0.598726
658 189 141 0.572727 0.601911
659 189 141 0.572727 0.601911
660 189 142 0.570997 0.601911
661 189 142 0.570997 0.601911
662 190 142 0.572289 0.605096
663 190 142 0.572289 0.605096
664 191 142 0.573574 0.608280
665 191 142 0.573574 0.608280
666 191 143 0.571856 0.608280
667 191 143 0.571856 0.608280
668 192 143 0.573134 0.611465
669 192 143 0.573134 0.611465
670 192 144 0.571429 0.611465
671 192 144 0.571429 0.611465
672 192 145 0.569733 0.611465
673 192 145 0.569733 0.611465
674 192 146 0.568047 0.611465
675 192 146 0.568047 0.611465
676 192 147 0.566372 0.611465
677 192 147 0.566372 0.611465
678 193 147 0.567647 0.614650
679 193 147 0.567647 0.614650
680 194 147 0.568915 0.617834
681 194 147 0.568915 0.617834
682 195 147 0.570175 0.621019
683 195 147 0.570175 0.621019
684 195 148 0.568513 0.621019
685 195 148 0.568513 0.621019
686 195 149 0.566860 0.621019
687 195 149 0.566860 0.621019
688 196 149 0.568116 0.624204
689 196 149 0.568116 0.624204
690 197 149 0.569364 0.627389
691 197 149 0.569364 0.627389
692 197 150 0.567723 0.627389
693 197 150 0.567723 0.627389
694 198 150 0.568965 0.630573
695 198 150 0.568965 0.630573
696 198 151 0.567335 0.630573
697 198 151 0.567335 0.630573
698 199 151 0.568571 0.633758
699 199 151 0.568571 0.633758
700 199 152 0.566952 0.633758
701 199 152 0.566952 0.633758
702 200 152 0.568182 0.636943
703 200 152 0.568182 0.636943
704 201 152 0.569405 0.640127
705 201 152 0.569405 0.640127
706 202 152 0.570621 0.643312
707 202 152 0.570621 0.643312
708 203 152 0.571831 0.646497
709 203 152 0.571831 0.646497
710 203 153 0.570225 0.646497
711 203 153 0.570225 0.646497
712 203 154 0.568627 0.646497
713 203 154 0.568627 0.646497
714 204 154 0.569832 0.649682
715 204 154 0.569832 0.649682
716 205 154 0.571031 0.652866
717 205 154 0.571031 0.652866
718 205 155 0.569444 0.652866
719 205 155 0.569444 0.652866
720 205 156 0.567867 0.652866
721 205 156 0.567867 0.652866
722 206 156 0.569061 0.656051
723 206 156 0.569061 0.656051
724 207 156 0.570248 0.659236
725 207 156 0.570248 0.659236
726 208 156 0.571429 0.662420
727 208 156 0.571429 0.662420
728 209 156 0.572603 0.665605
729 209 156 0.572603 0.665605
730 209 157 0.571038 0.665605
731 209 157 0.571038 0.665605
732 210 157 0.572207 0.668790
733 210 157 0.572207 0.668790
734 211 157 0.573370 0.671975
735 211 157 0.573370 0.671975
736 212 157 0.574526 0.675159
737 212 157 0.574526 0.675159
738 213 157 0.575676 0.678344
739 213 157 0.575676 0.678344
740 213 158 0.574124 0.678344
741 213 158 0.574124 0.678344
742 213 159 0.572581 0.678344
743 213 159 0.572581 0.678344
744 214 159 0.573727 0.681529
745 214 159 0.573727 0.681529
746 214 160 0.572192 0.681529
747 214 160 0.572192 0.681529
748 215 160 0.573333 0.684713
749 215 160 0.573333 0.684713
750 216 160 0.574468 0.687898
751 216 160 0.574468 0.687898
752 216 161 0.572944 0.687898
753 216 161 0.572944 0.687898
754 217 161 0.574074 0.691083
755 217 161 0.574074 0.691083
756 217 162 0.572559 0.691083
757 217 162 0.572559 0.691083
758 218 162 0.573684 0.694268
759 218 162 0.573684 0.694268
760 219 162 0.574803 0.697452
761 219 162 0.574803 0.697452
762 219 162 0.574803 0.697452
763 219 162 0.574803 0.697452
764 219 162 0.574803 0.697452
765 219 162 0.574803 0.697452
766 219 162 0.574803 0.697452
767 219 162 0.574803 0.697452
768 219 162 0.574803 0.697452
769 219 162 0.574803 0.697452
770 219 162 0.574803 0.697452
771 219 162 0.574803 0.697452
772 219 162 0.574803 0.697452
773 219 162 0.574803 0.697452
774 219 162 0.574803 0.697452
775 219 162 0.574803 0.697452
776 219 162 0.574803 0.697452
777 219 162 0.574803 0.697452
778 219 162 0.574803 0.697452
779 219 162 0.574803 0.697452
780 219 162 0.574803 0.697452
781 219 162 0.574803 0.697452
782 219 162 0.574803 0.697452
783 219 162 0.574803 0.697452
784 219 162 0.574803 0.697452
785 219 162 0.574803 0.697452
786 219 162 0.574803 0.697452
787 219 162 0.574803 0.697452
788 219 162 0.574803 0.697452
789 219 162 0.574803 0.697452
790 219 162 0.574803 0.697452
791 219 162 0.574803 0.697452
792 219 162 0.574803 0.697452
793 219 162 0.574803 0.697452
794 219 162 0.574803 0.697452
795 219 162 0.574803 0.697452
796 219 162 0.574803 0.697452
797 219 162 0.574803 0.697452
798 219 162 0.574803 0.697452
799 219 162 0.574803 0.697452
800 219 162 0.574803 0.697452
801 219 162 0.574803 0.697452
802 219 162 0.574803 0.697452
803 219 162 0.574803 0.697452
804 219 162 0.574803 0.697452
805 219 162 0.574803 0.697452
806 219 162 0.574803 0.697452
