Index,TP,FP,Precision,Recall 
0 0 1 0 0.000000
1 0 1 0 0.000000
2 1 1 0.500000 0.002525
3 1 1 0.500000 0.002525
4 1 2 0.333333 0.002525
5 1 2 0.333333 0.002525
6 2 2 0.500000 0.005051
7 2 2 0.500000 0.005051
8 2 3 0.400000 0.005051
9 2 3 0.400000 0.005051
10 3 3 0.500000 0.007576
11 3 3 0.500000 0.007576
12 4 3 0.571429 0.010101
13 4 3 0.571429 0.010101
14 5 3 0.625000 0.012626
15 5 3 0.625000 0.012626
16 6 3 0.666667 0.015152
17 6 3 0.666667 0.015152
18 6 4 0.600000 0.015152
19 6 4 0.600000 0.015152
20 6 5 0.545455 0.015152
21 6 5 0.545455 0.015152
22 6 6 0.500000 0.015152
23 6 6 0.500000 0.015152
24 7 6 0.538462 0.017677
25 7 6 0.538462 0.017677
26 8 6 0.571429 0.020202
27 8 6 0.571429 0.020202
28 8 7 0.533333 0.020202
29 8 7 0.533333 0.020202
30 8 8 0.500000 0.020202
31 8 8 0.500000 0.020202
32 8 9 0.470588 0.020202
33 8 9 0.470588 0.020202
34 8 10 0.444444 0.020202
35 8 10 0.444444 0.020202
36 9 10 0.473684 0.022727
37 9 10 0.473684 0.022727
38 9 11 0.450000 0.022727
39 9 11 0.450000 0.022727
40 9 12 0.428571 0.022727
41 9 12 0.428571 0.022727
42 10 12 0.454545 0.025253
43 10 12 0.454545 0.025253
44 10 13 0.434783 0.025253
45 10 13 0.434783 0.025253
46 10 14 0.416667 0.025253
47 10 14 0.416667 0.025253
48 10 15 0.400000 0.025253
49 10 15 0.400000 0.025253
50 11 15 0.423077 0.027778
51 11 15 0.423077 0.027778
52 12 15 0.444444 0.030303
53 12 15 0.444444 0.030303
54 13 15 0.464286 0.032828
55 13 15 0.464286 0.032828
56 13 16 0.448276 0.032828
57 13 16 0.448276 0.032828
58 13 17 0.433333 0.032828
59 13 17 0.433333 0.032828
60 14 17 0.451613 0.035354
61 14 17 0.451613 0.035354
62 14 18 0.437500 0.035354
63 14 18 0.437500 0.035354
64 14 19 0.424242 0.035354
65 14 19 0.424242 0.035354
66 14 20 0.411765 0.035354
67 14 20 0.411765 0.035354
68 14 21 0.400000 0.035354
69 14 21 0.400000 0.035354
70 14 22 0.388889 0.035354
71 14 22 0.388889 0.035354
72 14 23 0.378378 0.035354
73 14 23 0.378378 0.035354
74 15 23 0.394737 0.037879
75 15 23 0.394737 0.037879
76 16 23 0.410256 0.040404
77 16 23 0.410256 0.040404
78 16 24 0.400000 0.040404
79 16 24 0.400000 0.040404
80 16 25 0.390244 0.040404
81 16 25 0.390244 0.040404
82 16 26 0.380952 0.040404
83 16 26 0.380952 0.040404
84 17 26 0.395349 0.042929
85 17 26 0.395349 0.042929
86 18 26 0.409091 0.045455
87 18 26 0.409091 0.045455
88 19 26 0.422222 0.047980
89 19 26 0.422222 0.047980
90 19 27 0.413043 0.047980
91 19 27 0.413043 0.047980
92 19 28 0.404255 0.047980
93 19 28 0.404255 0.047980
94 20 28 0.416667 0.050505
95 20 28 0.416667 0.050505
96 21 28 0.428571 0.053030
97 21 28 0.428571 0.053030
98 22 28 0.440000 0.055556
99 22 28 0.440000 0.055556
100 23 28 0.450980 0.058081
101 23 28 0.450980 0.058081
102 23 29 0.442308 0.058081
103 23 29 0.442308 0.058081
104 24 29 0.452830 0.060606
105 24 29 0.452830 0.060606
106 25 29 0.462963 0.063131
107 25 29 0.462963 0.063131
108 25 30 0.454545 0.063131
109 25 30 0.454545 0.063131
110 26 30 0.464286 0.065657
111 26 30 0.464286 0.065657
112 27 30 0.473684 0.068182
113 27 30 0.473684 0.068182
114 28 30 0.482759 0.070707
115 28 30 0.482759 0.070707
116 28 31 0.474576 0.070707
117 28 31 0.474576 0.070707
118 28 32 0.466667 0.070707
119 28 32 0.466667 0.070707
120 29 32 0.475410 0.073232
121 29 32 0.475410 0.073232
122 29 33 0.467742 0.073232
123 29 33 0.467742 0.073232
124 30 33 0.476190 0.075758
125 30 33 0.476190 0.075758
126 31 33 0.484375 0.078283
127 31 33 0.484375 0.078283
128 32 33 0.492308 0.080808
129 32 33 0.492308 0.080808
130 32 34 0.484848 0.080808
131 32 34 0.484848 0.080808
132 33 34 0.492537 0.083333
133 33 34 0.492537 0.083333
134 33 35 0.485294 0.083333
135 33 35 0.485294 0.083333
136 34 35 0.492754 0.085859
137 34 35 0.492754 0.085859
138 35 35 0.500000 0.088384
139 35 35 0.500000 0.088384
140 35 36 0.492958 0.088384
141 35 36 0.492958 0.088384
142 35 37 0.486111 0.088384
143 35 37 0.486111 0.088384
144 36 37 0.493151 0.090909
145 36 37 0.493151 0.090909
146 37 37 0.500000 0.093434
147 37 37 0.500000 0.093434
148 37 38 0.493333 0.093434
149 37 38 0.493333 0.093434
150 37 39 0.486842 0.093434
151 37 39 0.486842 0.093434
152 38 39 0.493506 0.095960
153 38 39 0.493506 0.095960
154 39 39 0.500000 0.098485
155 39 39 0.500000 0.098485
156 40 39 0.506329 0.101010
157 40 39 0.506329 0.101010
158 40 40 0.500000 0.101010
159 40 40 0.500000 0.101010
160 40 41 0.493827 0.101010
161 40 41 0.493827 0.101010
162 40 42 0.487805 0.101010
163 40 42 0.487805 0.101010
164 41 42 0.493976 0.103535
165 41 42 0.493976 0.103535
166 42 42 0.500000 0.106061
167 42 42 0.500000 0.106061
168 42 43 0.494118 0.106061
169 42 43 0.494118 0.106061
170 42 44 0.488372 0.106061
171 42 44 0.488372 0.106061
172 43 44 0.494253 0.108586
173 43 44 0.494253 0.108586
174 44 44 0.500000 0.111111
175 44 44 0.500000 0.111111
176 45 44 0.505618 0.113636
177 45 44 0.505618 0.113636
178 46 44 0.511111 0.116162
179 46 44 0.511111 0.116162
180 47 44 0.516484 0.118687
181 47 44 0.516484 0.118687
182 48 44 0.521739 0.121212
183 48 44 0.521739 0.121212
184 48 45 0.516129 0.121212
185 48 45 0.516129 0.121212
186 49 45 0.521277 0.123737
187 49 45 0.521277 0.123737
188 50 45 0.526316 0.126263
189 50 45 0.526316 0.126263
190 50 46 0.520833 0.126263
191 50 46 0.520833 0.126263
192 51 46 0.525773 0.128788
193 51 46 0.525773 0.128788
194 52 46 0.530612 0.131313
195 52 46 0.530612 0.131313
196 53 46 0.535354 0.133838
197 53 46 0.535354 0.133838
198 53 47 0.530000 0.133838
199 53 47 0.530000 0.133838
200 54 47 0.534653 0.136364
201 54 47 0.534653 0.136364
202 55 47 0.539216 0.138889
203 55 47 0.539216 0.138889
204 56 47 0.543689 0.141414
205 56 47 0.543689 0.141414
206 57 47 0.548077 0.143939
207 57 47 0.548077 0.143939
208 58 47 0.552381 0.146465
209 58 47 0.552381 0.146465
210 59 47 0.556604 0.148990
211 59 47 0.556604 0.148990
212 59 48 0.551402 0.148990
213 59 48 0.551402 0.148990
214 59 49 0.546296 0.148990
215 59 49 0.546296 0.148990
216 60 49 0.550459 0.151515
217 60 49 0.550459 0.151515
218 61 49 0.554545 0.154040
219 61 49 0.554545 0.154040
220 62 49 0.558559 0.156566
221 62 49 0.558559 0.156566
222 63 49 0.562500 0.159091
223 63 49 0.562500 0.159091
224 64 49 0.566372 0.161616
225 64 49 0.566372 0.161616
226 65 49 0.570175 0.164141
227 65 49 0.570175 0.164141
228 66 49 0.573913 0.166667
229 66 49 0.573913 0.166667
230 67 49 0.577586 0.169192
231 67 49 0.577586 0.169192
232 68 49 0.581197 0.171717
233 68 49 0.581197 0.171717
234 69 49 0.584746 0.174242
235 69 49 0.584746 0.174242
236 70 49 0.588235 0.176768
237 70 49 0.588235 0.176768
238 71 49 0.591667 0.179293
239 71 49 0.591667 0.179293
240 72 49 0.595041 0.181818
241 72 49 0.595041 0.181818
242 72 50 0.590164 0.181818
243 72 50 0.590164 0.181818
244 72 51 0.585366 0.181818
245 72 51 0.585366 0.181818
246 73 51 0.588710 0.184343
247 73 51 0.588710 0.184343
248 74 51 0.592000 0.186869
249 74 51 0.592000 0.186869
250 74 52 0.587302 0.186869
251 74 52 0.587302 0.186869
252 75 52 0.590551 0.189394
253 75 52 0.590551 0.189394
254 76 52 0.593750 0.191919
255 76 52 0.593750 0.191919
256 76 53 0.589147 0.191919
257 76 53 0.589147 0.191919
258 77 53 0.592308 0.194444
259 77 53 0.592308 0.194444
260 78 53 0.595420 0.196970
261 78 53 0.595420 0.196970
262 79 53 0.598485 0.199495
263 79 53 0.598485 0.199495
264 80 53 0.601504 0.202020
265 80 53 0.601504 0.202020
266 81 53 0.604478 0.204545
267 81 53 0.604478 0.204545
268 82 53 0.607407 0.207071
269 82 53 0.607407 0.207071
270 83 53 0.610294 0.209596
271 83 53 0.610294 0.209596
272 84 53 0.613139 0.212121
273 84 53 0.613139 0.212121
274 84 54 0.608696 0.212121
275 84 54 0.608696 0.212121
276 85 54 0.611511 0.214646
277 85 54 0.611511 0.214646
278 86 54 0.614286 0.217172
279 86 54 0.614286 0.217172
280 87 54 0.617021 0.219697
281 87 54 0.617021 0.219697
282 88 54 0.619718 0.222222
283 88 54 0.619718 0.222222
284 89 54 0.622378 0.224747
285 89 54 0.622378 0.224747
286 90 54 0.625000 0.227273
287 90 54 0.625000 0.227273
288 91 54 0.627586 0.229798
289 91 54 0.627586 0.229798
290 92 54 0.630137 0.232323
291 92 54 0.630137 0.232323
292 92 55 0.625850 0.232323
293 92 55 0.625850 0.232323
294 93 55 0.628378 0.234848
295 93 55 0.628378 0.234848
296 94 55 0.630872 0.237374
297 94 55 0.630872 0.237374
298 95 55 0.633333 0.239899
299 95 55 0.633333 0.239899
300 96 55 0.635762 0.242424
301 96 55 0.635762 0.242424
302 96 56 0.631579 0.242424
303 96 56 0.631579 0.242424
304 97 56 0.633987 0.244949
305 97 56 0.633987 0.244949
306 98 56 0.636364 0.247475
307 98 56 0.636364 0.247475
308 98 57 0.632258 0.247475
309 98 57 0.632258 0.247475
310 98 58 0.628205 0.247475
311 98 58 0.628205 0.247475
312 99 58 0.630573 0.250000
313 99 58 0.630573 0.250000
314 100 58 0.632911 0.252525
315 100 58 0.632911 0.252525
316 101 58 0.635220 0.255051
317 101 58 0.635220 0.255051
318 102 58 0.637500 0.257576
319 102 58 0.637500 0.257576
320 102 59 0.633540 0.257576
321 102 59 0.633540 0.257576
322 103 59 0.635802 0.260101
323 103 59 0.635802 0.260101
324 104 59 0.638037 0.262626
325 104 59 0.638037 0.262626
326 105 59 0.640244 0.265152
327 105 59 0.640244 0.265152
328 106 59 0.642424 0.267677
329 106 59 0.642424 0.267677
330 107 59 0.644578 0.270202
331 107 59 0.644578 0.270202
332 108 59 0.646707 0.272727
333 108 59 0.646707 0.272727
334 109 59 0.648810 0.275253
335 109 59 0.648810 0.275253
336 110 59 0.650888 0.277778
337 110 59 0.650888 0.277778
338 111 59 0.652941 0.280303
339 111 59 0.652941 0.280303
340 112 59 0.654971 0.282828
341 112 59 0.654971 0.282828
342 113 59 0.656977 0.285354
343 113 59 0.656977 0.285354
344 113 60 0.653179 0.285354
345 113 60 0.653179 0.285354
346 113 61 0.649425 0.285354
347 113 61 0.649425 0.285354
348 114 61 0.651429 0.287879
349 114 61 0.651429 0.287879
350 115 61 0.653409 0.290404
351 115 61 0.653409 0.290404
352 115 62 0.649718 0.290404
353 115 62 0.649718 0.290404
354 116 62 0.651685 0.292929
355 116 62 0.651685 0.292929
356 117 62 0.653631 0.295455
357 117 62 0.653631 0.295455
358 117 63 0.650000 0.295455
359 117 63 0.650000 0.295455
360 118 63 0.651934 0.297980
361 118 63 0.651934 0.297980
362 119 63 0.653846 0.300505
363 119 63 0.653846 0.300505
364 119 64 0.650273 0.300505
365 119 64 0.650273 0.300505
366 119 65 0.646739 0.300505
367 119 65 0.646739 0.300505
368 119 66 0.643243 0.300505
369 119 66 0.643243 0.300505
370 120 66 0.645161 0.303030
371 120 66 0.645161 0.303030
372 120 67 0.641711 0.303030
373 120 67 0.641711 0.303030
374 120 68 0.638298 0.303030
375 120 68 0.638298 0.303030
376 121 68 0.640212 0.305556
377 121 68 0.640212 0.305556
378 122 68 0.642105 0.308081
379 122 68 0.642105 0.308081
380 122 69 0.638743 0.308081
381 122 69 0.638743 0.308081
382 123 69 0.640625 0.310606
383 123 69 0.640625 0.310606
384 124 69 0.642487 0.313131
385 124 69 0.642487 0.313131
386 125 69 0.644330 0.315657
387 125 69 0.644330 0.315657
388 126 69 0.646154 0.318182
389 126 69 0.646154 0.318182
390 127 69 0.647959 0.320707
391 127 69 0.647959 0.320707
392 128 69 0.649746 0.323232
393 128 69 0.649746 0.323232
394 129 69 0.651515 0.325758
395 129 69 0.651515 0.325758
396 130 69 0.653266 0.328283
397 130 69 0.653266 0.328283
398 131 69 0.655000 0.330808
399 131 69 0.655000 0.330808
400 132 69 0.656716 0.333333
401 132 69 0.656716 0.333333
402 133 69 0.658416 0.335859
403 133 69 0.658416 0.335859
404 134 69 0.660098 0.338384
405 134 69 0.660098 0.338384
406 134 70 0.656863 0.338384
407 134 70 0.656863 0.338384
408 135 70 0.658537 0.340909
409 135 70 0.658537 0.340909
410 136 70 0.660194 0.343434
411 136 70 0.660194 0.343434
412 137 70 0.661836 0.345960
413 137 70 0.661836 0.345960
414 138 70 0.663462 0.348485
415 138 70 0.663462 0.348485
416 138 71 0.660287 0.348485
417 138 71 0.660287 0.348485
418 139 71 0.661905 0.351010
419 139 71 0.661905 0.351010
420 140 71 0.663507 0.353535
421 140 71 0.663507 0.353535
422 141 71 0.665094 0.356061
423 141 71 0.665094 0.356061
424 142 71 0.666667 0.358586
425 142 71 0.666667 0.358586
426 143 71 0.668224 0.361111
427 143 71 0.668224 0.361111
428 144 71 0.669767 0.363636
429 144 71 0.669767 0.363636
430 145 71 0.671296 0.366162
431 145 71 0.671296 0.366162
432 146 71 0.672811 0.368687
433 146 71 0.672811 0.368687
434 147 71 0.674312 0.371212
435 147 71 0.674312 0.371212
436 147 72 0.671233 0.371212
437 147 72 0.671233 0.371212
438 148 72 0.672727 0.373737
439 148 72 0.672727 0.373737
440 149 72 0.674208 0.376263
441 149 72 0.674208 0.376263
442 150 72 0.675676 0.378788
443 150 72 0.675676 0.378788
444 151 72 0.677130 0.381313
445 151 72 0.677130 0.381313
446 152 72 0.678571 0.383838
447 152 72 0.678571 0.383838
448 153 72 0.680000 0.386364
449 153 72 0.680000 0.386364
450 154 72 0.681416 0.388889
451 154 72 0.681416 0.388889
452 155 72 0.682819 0.391414
453 155 72 0.682819 0.391414
454 156 72 0.684211 0.393939
455 156 72 0.684211 0.393939
456 157 72 0.685589 0.396465
457 157 72 0.685589 0.396465
458 158 72 0.686957 0.398990
459 158 72 0.686957 0.398990
460 159 72 0.688312 0.401515
461 159 72 0.688312 0.401515
462 159 73 0.685345 0.401515
463 159 73 0.685345 0.401515
464 160 73 0.686695 0.404040
465 160 73 0.686695 0.404040
466 161 73 0.688034 0.406566
467 161 73 0.688034 0.406566
468 162 73 0.689362 0.409091
469 162 73 0.689362 0.409091
470 162 74 0.686441 0.409091
471 162 74 0.686441 0.409091
472 163 74 0.687764 0.411616
473 163 74 0.687764 0.411616
474 163 75 0.684874 0.411616
475 163 75 0.684874 0.411616
476 164 75 0.686192 0.414141
477 164 75 0.686192 0.414141
478 165 75 0.687500 0.416667
479 165 75 0.687500 0.416667
480 165 76 0.684647 0.416667
481 165 76 0.684647 0.416667
482 165 77 0.681818 0.416667
483 165 77 0.681818 0.416667
484 165 78 0.679012 0.416667
485 165 78 0.679012 0.416667
486 166 78 0.680328 0.419192
487 166 78 0.680328 0.419192
488 167 78 0.681633 0.421717
489 167 78 0.681633 0.421717
490 167 79 0.678862 0.421717
491 167 79 0.678862 0.421717
492 168 79 0.680162 0.424242
493 168 79 0.680162 0.424242
494 169 79 0.681452 0.426768
495 169 79 0.681452 0.426768
496 170 79 0.682731 0.429293
497 170 79 0.682731 0.429293
498 171 79 0.684000 0.431818
499 171 79 0.684000 0.431818
500 171 80 0.681275 0.431818
501 171 80 0.681275 0.431818
502 172 80 0.682540 0.434343
503 172 80 0.682540 0.434343
504 173 80 0.683794 0.436869
505 173 80 0.683794 0.436869
506 174 80 0.685039 0.439394
507 174 80 0.685039 0.439394
508 175 80 0.686275 0.441919
509 175 80 0.686275 0.441919
510 176 80 0.687500 0.444444
511 176 80 0.687500 0.444444
512 177 80 0.688716 0.446970
513 177 80 0.688716 0.446970
514 178 80 0.689922 0.449495
515 178 80 0.689922 0.449495
516 179 80 0.691120 0.452020
517 179 80 0.691120 0.452020
518 180 80 0.692308 0.454545
519 180 80 0.692308 0.454545
520 181 80 0.693487 0.457071
521 181 80 0.693487 0.457071
522 182 80 0.694656 0.459596
523 182 80 0.694656 0.459596
524 183 80 0.695817 0.462121
525 183 80 0.695817 0.462121
526 184 80 0.696970 0.464646
527 184 80 0.696970 0.464646
528 185 80 0.698113 0.467172
529 185 80 0.698113 0.467172
530 186 80 0.699248 0.469697
531 186 80 0.699248 0.469697
532 187 80 0.700375 0.472222
533 187 80 0.700375 0.472222
534 188 80 0.701493 0.474747
535 188 80 0.701493 0.474747
536 188 81 0.698885 0.474747
537 188 81 0.698885 0.474747
538 189 81 0.700000 0.477273
539 189 81 0.700000 0.477273
540 190 81 0.701107 0.479798
541 190 81 0.701107 0.479798
542 191 81 0.702206 0.482323
543 191 81 0.702206 0.482323
544 192 81 0.703297 0.484848
545 192 81 0.703297 0.484848
546 192 82 0.700730 0.484848
547 192 82 0.700730 0.484848
548 193 82 0.701818 0.487374
549 193 82 0.701818 0.487374
550 193 83 0.699275 0.487374
551 193 83 0.699275 0.487374
552 194 83 0.700361 0.489899
553 194 83 0.700361 0.489899
554 195 83 0.701439 0.492424
555 195 83 0.701439 0.492424
556 196 83 0.702509 0.494949
557 196 83 0.702509 0.494949
558 197 83 0.703571 0.497475
559 197 83 0.703571 0.497475
560 197 84 0.701068 0.497475
561 197 84 0.701068 0.497475
562 198 84 0.702128 0.500000
563 198 84 0.702128 0.500000
564 198 85 0.699647 0.500000
565 198 85 0.699647 0.500000
566 198 86 0.697183 0.500000
567 198 86 0.697183 0.500000
568 198 87 0.694737 0.500000
569 198 87 0.694737 0.500000
570 199 87 0.695804 0.502525
571 199 87 0.695804 0.502525
572 200 87 0.696864 0.505050
573 200 87 0.696864 0.505050
574 201 87 0.697917 0.507576
575 201 87 0.697917 0.507576
576 202 87 0.698962 0.510101
577 202 87 0.698962 0.510101
578 203 87 0.700000 0.512626
579 203 87 0.700000 0.512626
580 204 87 0.701031 0.515152
581 204 87 0.701031 0.515152
582 205 87 0.702055 0.517677
583 205 87 0.702055 0.517677
584 206 87 0.703072 0.520202
585 206 87 0.703072 0.520202
586 206 88 0.700680 0.520202
587 206 88 0.700680 0.520202
588 207 88 0.701695 0.522727
589 207 88 0.701695 0.522727
590 208 88 0.702703 0.525253
591 208 88 0.702703 0.525253
592 208 89 0.700337 0.525253
593 208 89 0.700337 0.525253
594 208 90 0.697987 0.525253
595 208 90 0.697987 0.525253
596 209 90 0.698997 0.527778
597 209 90 0.698997 0.527778
598 210 90 0.700000 0.530303
599 210 90 0.700000 0.530303
600 211 90 0.700997 0.532828
601 211 90 0.700997 0.532828
602 212 90 0.701987 0.535354
603 212 90 0.701987 0.535354
604 213 90 0.702970 0.537879
605 213 90 0.702970 0.537879
606 214 90 0.703947 0.540404
607 214 90 0.703947 0.540404
608 215 90 0.704918 0.542929
609 215 90 0.704918 0.542929
610 216 90 0.705882 0.545455
611 216 90 0.705882 0.545455
612 217 90 0.706840 0.547980
613 217 90 0.706840 0.547980
614 217 91 0.704545 0.547980
615 217 91 0.704545 0.547980
616 217 92 0.702265 0.547980
617 217 92 0.702265 0.547980
618 217 93 0.700000 0.547980
619 217 93 0.700000 0.547980
620 217 94 0.697749 0.547980
621 217 94 0.697749 0.547980
622 217 95 0.695513 0.547980
623 217 95 0.695513 0.547980
624 218 95 0.696486 0.550505
625 218 95 0.696486 0.550505
626 219 95 0.697452 0.553030
627 219 95 0.697452 0.553030
628 219 96 0.695238 0.553030
629 219 96 0.695238 0.553030
630 219 97 0.693038 0.553030
631 219 97 0.693038 0.553030
632 220 97 0.694006 0.555556
633 220 97 0.694006 0.555556
634 220 98 0.691824 0.555556
635 220 98 0.691824 0.555556
636 221 98 0.692790 0.558081
637 221 98 0.692790 0.558081
638 221 99 0.690625 0.558081
639 221 99 0.690625 0.558081
640 222 99 0.691589 0.560606
641 222 99 0.691589 0.560606
642 223 99 0.692547 0.563131
643 223 99 0.692547 0.563131
644 224 99 0.693498 0.565657
645 224 99 0.693498 0.565657
646 225 99 0.694444 0.568182
647 225 99 0.694444 0.568182
648 226 99 0.695385 0.570707
649 226 99 0.695385 0.570707
650 226 100 0.693252 0.570707
651 226 100 0.693252 0.570707
652 226 101 0.691131 0.570707
653 226 101 0.691131 0.570707
654 227 101 0.692073 0.573232
655 227 101 0.692073 0.573232
656 227 102 0.689970 0.573232
657 227 102 0.689970 0.573232
658 228 102 0.690909 0.575758
659 228 102 0.690909 0.575758
660 228 103 0.688822 0.575758
661 228 103 0.688822 0.575758
662 228 104 0.686747 0.575758
663 228 104 0.686747 0.575758
664 229 104 0.687688 0.578283
665 229 104 0.687688 0.578283
666 230 104 0.688623 0.580808
667 230 104 0.688623 0.580808
668 231 104 0.689552 0.583333
669 231 104 0.689552 0.583333
670 231 105 0.687500 0.583333
671 231 105 0.687500 0.583333
672 232 105 0.688427 0.585859
673 232 105 0.688427 0.585859
674 233 105 0.689349 0.588384
675 233 105 0.689349 0.588384
676 233 106 0.687316 0.588384
677 233 106 0.687316 0.588384
678 234 106 0.688235 0.590909
679 234 106 0.688235 0.590909
680 235 106 0.689150 0.593434
681 235 106 0.689150 0.593434
682 235 107 0.687135 0.593434
683 235 107 0.687135 0.593434
684 235 108 0.685131 0.593434
685 235 108 0.685131 0.593434
686 235 109 0.683140 0.593434
687 235 109 0.683140 0.593434
688 236 109 0.684058 0.595960
689 236 109 0.684058 0.595960
690 236 110 0.682081 0.595960
691 236 110 0.682081 0.595960
692 237 110 0.682997 0.598485
693 237 110 0.682997 0.598485
694 237 111 0.681035 0.598485
695 237 111 0.681035 0.598485
696 237 112 0.679083 0.598485
697 237 112 0.679083 0.598485
698 238 112 0.680000 0.601010
699 238 112 0.680000 0.601010
700 239 112 0.680912 0.603535
701 239 112 0.680912 0.603535
702 240 112 0.681818 0.606061
703 240 112 0.681818 0.606061
704 241 112 0.682720 0.608586
705 241 112 0.682720 0.608586
706 242 112 0.683616 0.611111
707 242 112 0.683616 0.611111
708 243 112 0.684507 0.613636
709 243 112 0.684507 0.613636
710 243 113 0.682584 0.613636
711 243 113 0.682584 0.613636
712 243 114 0.680672 0.613636
713 243 114 0.680672 0.613636
714 243 115 0.678771 0.613636
715 243 115 0.678771 0.613636
716 244 115 0.679666 0.616162
717 244 115 0.679666 0.616162
718 244 116 0.677778 0.616162
719 244 116 0.677778 0.616162
720 244 117 0.675900 0.616162
721 244 117 0.675900 0.616162
722 244 118 0.674033 0.616162
723 244 118 0.674033 0.616162
724 245 118 0.674931 0.618687
725 245 118 0.674931 0.618687
726 245 119 0.673077 0.618687
727 245 119 0.673077 0.618687
728 246 119 0.673973 0.621212
729 246 119 0.673973 0.621212
730 246 120 0.672131 0.621212
731 246 120 0.672131 0.621212
732 246 121 0.670300 0.621212
733 246 121 0.670300 0.621212
734 247 121 0.671196 0.623737
735 247 121 0.671196 0.623737
736 247 122 0.669377 0.623737
737 247 122 0.669377 0.623737
738 248 122 0.670270 0.626263
739 248 122 0.670270 0.626263
740 248 123 0.668464 0.626263
741 248 123 0.668464 0.626263
742 248 124 0.666667 0.626263
743 248 124 0.666667 0.626263
744 249 124 0.667560 0.628788
745 249 124 0.667560 0.628788
746 250 124 0.668449 0.631313
747 250 124 0.668449 0.631313
748 251 124 0.669333 0.633838
749 251 124 0.669333 0.633838
750 252 124 0.670213 0.636364
751 252 124 0.670213 0.636364
752 253 124 0.671088 0.638889
753 253 124 0.671088 0.638889
754 254 124 0.671958 0.641414
755 254 124 0.671958 0.641414
756 254 125 0.670185 0.641414
757 254 125 0.670185 0.641414
758 254 126 0.668421 0.641414
759 254 126 0.668421 0.641414
760 255 126 0.669291 0.643939
761 255 126 0.669291 0.643939
762 255 126 0.669291 0.643939
763 255 126 0.669291 0.643939
764 255 126 0.669291 0.643939
765 255 126 0.669291 0.643939
766 255 126 0.669291 0.643939
767 255 126 0.669291 0.643939
768 255 126 0.669291 0.643939
769 255 126 0.669291 0.643939
770 255 126 0.669291 0.643939
771 255 126 0.669291 0.643939
772 255 126 0.669291 0.643939
773 255 126 0.669291 0.643939
774 255 126 0.669291 0.643939
775 255 126 0.669291 0.643939
776 255 126 0.669291 0.643939
777 255 126 0.669291 0.643939
778 255 126 0.669291 0.643939
779 255 126 0.669291 0.643939
780 255 126 0.669291 0.643939
781 255 126 0.669291 0.643939
782 255 126 0.669291 0.643939
783 255 126 0.669291 0.643939
784 255 126 0.669291 0.643939
785 255 126 0.669291 0.643939
786 255 126 0.669291 0.643939
787 255 126 0.669291 0.643939
788 255 126 0.669291 0.643939
789 255 126 0.669291 0.643939
790 255 126 0.669291 0.643939
791 255 126 0.669291 0.643939
792 255 126 0.669291 0.643939
793 255 126 0.669291 0.643939
794 255 126 0.669291 0.643939
795 255 126 0.669291 0.643939
796 255 126 0.669291 0.643939
797 255 126 0.669291 0.643939
798 255 126 0.669291 0.643939
799 255 126 0.669291 0.643939
800 255 126 0.669291 0.643939
801 255 126 0.669291 0.643939
802 255 126 0.669291 0.643939
803 255 126 0.669291 0.643939
804 255 126 0.669291 0.643939
805 255 126 0.669291 0.643939
806 255 126 0.669291 0.643939
