Index,TP,FP,Precision,Recall 
0 0 1 0 0.000000
1 0 1 0 0.000000
2 1 1 0.500000 0.005464
3 1 1 0.500000 0.005464
4 1 2 0.333333 0.005464
5 1 2 0.333333 0.005464
6 2 2 0.500000 0.010929
7 2 2 0.500000 0.010929
8 2 3 0.400000 0.010929
9 2 3 0.400000 0.010929
10 2 4 0.333333 0.010929
11 2 4 0.333333 0.010929
12 3 4 0.428571 0.016393
13 3 4 0.428571 0.016393
14 3 5 0.375000 0.016393
15 3 5 0.375000 0.016393
16 4 5 0.444444 0.021858
17 4 5 0.444444 0.021858
18 4 6 0.400000 0.021858
19 4 6 0.400000 0.021858
20 5 6 0.454545 0.027322
21 5 6 0.454545 0.027322
22 5 7 0.416667 0.027322
23 5 7 0.416667 0.027322
24 5 8 0.384615 0.027322
25 5 8 0.384615 0.027322
26 6 8 0.428571 0.032787
27 6 8 0.428571 0.032787
28 6 9 0.400000 0.032787
29 6 9 0.400000 0.032787
30 6 10 0.375000 0.032787
31 6 10 0.375000 0.032787
32 6 11 0.352941 0.032787
33 6 11 0.352941 0.032787
34 6 12 0.333333 0.032787
35 6 12 0.333333 0.032787
36 7 12 0.368421 0.038251
37 7 12 0.368421 0.038251
38 7 13 0.350000 0.038251
39 7 13 0.350000 0.038251
40 7 14 0.333333 0.038251
41 7 14 0.333333 0.038251
42 8 14 0.363636 0.043716
43 8 14 0.363636 0.043716
44 8 15 0.347826 0.043716
45 8 15 0.347826 0.043716
46 9 15 0.375000 0.049180
47 9 15 0.375000 0.049180
48 9 16 0.360000 0.049180
49 9 16 0.360000 0.049180
50 10 16 0.384615 0.054645
51 10 16 0.384615 0.054645
52 11 16 0.407407 0.060109
53 11 16 0.407407 0.060109
54 12 16 0.428571 0.065574
55 12 16 0.428571 0.065574
56 12 17 0.413793 0.065574
57 12 17 0.413793 0.065574
58 12 18 0.400000 0.065574
59 12 18 0.400000 0.065574
60 13 18 0.419355 0.071038
61 13 18 0.419355 0.071038
62 13 19 0.406250 0.071038
63 13 19 0.406250 0.071038
64 13 20 0.393939 0.071038
65 13 20 0.393939 0.071038
66 13 21 0.382353 0.071038
67 13 21 0.382353 0.071038
68 13 22 0.371429 0.071038
69 13 22 0.371429 0.071038
70 13 23 0.361111 0.071038
71 13 23 0.361111 0.071038
72 13 24 0.351351 0.071038
73 13 24 0.351351 0.071038
74 13 25 0.342105 0.071038
75 13 25 0.342105 0.071038
76 14 25 0.358974 0.076503
77 14 25 0.358974 0.076503
78 15 25 0.375000 0.081967
79 15 25 0.375000 0.081967
80 15 26 0.365854 0.081967
81 15 26 0.365854 0.081967
82 15 27 0.357143 0.081967
83 15 27 0.357143 0.081967
84 16 27 0.372093 0.087432
85 16 27 0.372093 0.087432
86 17 27 0.386364 0.092896
87 17 27 0.386364 0.092896
88 17 28 0.377778 0.092896
89 17 28 0.377778 0.092896
90 17 29 0.369565 0.092896
91 17 29 0.369565 0.092896
92 17 30 0.361702 0.092896
93 17 30 0.361702 0.092896
94 18 30 0.375000 0.098361
95 18 30 0.375000 0.098361
96 18 31 0.367347 0.098361
97 18 31 0.367347 0.098361
98 19 31 0.380000 0.103825
99 19 31 0.380000 0.103825
100 20 31 0.392157 0.109290
101 20 31 0.392157 0.109290
102 20 32 0.384615 0.109290
103 20 32 0.384615 0.109290
104 20 33 0.377358 0.109290
105 20 33 0.377358 0.109290
106 21 33 0.388889 0.114754
107 21 33 0.388889 0.114754
108 22 33 0.400000 0.120219
109 22 33 0.400000 0.120219
110 23 33 0.410714 0.125683
111 23 33 0.410714 0.125683
112 24 33 0.421053 0.131148
113 24 33 0.421053 0.131148
114 25 33 0.431034 0.136612
115 25 33 0.431034 0.136612
116 25 34 0.423729 0.136612
117 25 34 0.423729 0.136612
118 26 34 0.433333 0.142077
119 26 34 0.433333 0.142077
120 27 34 0.442623 0.147541
121 27 34 0.442623 0.147541
122 27 35 0.435484 0.147541
123 27 35 0.435484 0.147541
124 27 36 0.428571 0.147541
125 27 36 0.428571 0.147541
126 28 36 0.437500 0.153005
127 28 36 0.437500 0.153005
128 28 37 0.430769 0.153005
129 28 37 0.430769 0.153005
130 28 38 0.424242 0.153005
131 28 38 0.424242 0.153005
132 29 38 0.432836 0.158470
133 29 38 0.432836 0.158470
134 29 39 0.426471 0.158470
135 29 39 0.426471 0.158470
136 30 39 0.434783 0.163934
137 30 39 0.434783 0.163934
138 31 39 0.442857 0.169399
139 31 39 0.442857 0.169399
140 32 39 0.450704 0.174863
141 32 39 0.450704 0.174863
142 32 40 0.444444 0.174863
143 32 40 0.444444 0.174863
144 33 40 0.452055 0.180328
145 33 40 0.452055 0.180328
146 33 41 0.445946 0.180328
147 33 41 0.445946 0.180328
148 33 42 0.440000 0.180328
149 33 42 0.440000 0.180328
150 33 43 0.434211 0.180328
151 33 43 0.434211 0.180328
152 34 43 0.441558 0.185792
153 34 43 0.441558 0.185792
154 35 43 0.448718 0.191257
155 35 43 0.448718 0.191257
156 36 43 0.455696 0.196721
157 36 43 0.455696 0.196721
158 37 43 0.462500 0.202186
159 37 43 0.462500 0.202186
160 37 44 0.456790 0.202186
161 37 44 0.456790 0.202186
162 37 45 0.451219 0.202186
163 37 45 0.451219 0.202186
164 38 45 0.457831 0.207650
165 38 45 0.457831 0.207650
166 39 45 0.464286 0.213115
167 39 45 0.464286 0.213115
168 39 46 0.458824 0.213115
169 39 46 0.458824 0.213115
170 40 46 0.465116 0.218579
171 40 46 0.465116 0.218579
172 40 47 0.459770 0.218579
173 40 47 0.459770 0.218579
174 41 47 0.465909 0.224044
175 41 47 0.465909 0.224044
176 42 47 0.471910 0.229508
177 42 47 0.471910 0.229508
178 42 48 0.466667 0.229508
179 42 48 0.466667 0.229508
180 42 49 0.461538 0.229508
181 42 49 0.461538 0.229508
182 43 49 0.467391 0.234973
183 43 49 0.467391 0.234973
184 44 49 0.473118 0.240437
185 44 49 0.473118 0.240437
186 45 49 0.478723 0.245902
187 45 49 0.478723 0.245902
188 46 49 0.484211 0.251366
189 46 49 0.484211 0.251366
190 46 50 0.479167 0.251366
191 46 50 0.479167 0.251366
192 47 50 0.484536 0.256831
193 47 50 0.484536 0.256831
194 48 50 0.489796 0.262295
195 48 50 0.489796 0.262295
196 49 50 0.494949 0.267760
197 49 50 0.494949 0.267760
198 50 50 0.500000 0.273224
199 50 50 0.500000 0.273224
200 51 50 0.504951 0.278689
201 51 50 0.504951 0.278689
202 51 51 0.500000 0.278689
203 51 51 0.500000 0.278689
204 52 51 0.504854 0.284153
205 52 51 0.504854 0.284153
206 53 51 0.509615 0.289617
207 53 51 0.509615 0.289617
208 53 52 0.504762 0.289617
209 53 52 0.504762 0.289617
210 54 52 0.509434 0.295082
211 54 52 0.509434 0.295082
212 55 52 0.514019 0.300546
213 55 52 0.514019 0.300546
214 55 53 0.509259 0.300546
215 55 53 0.509259 0.300546
216 56 53 0.513761 0.306011
217 56 53 0.513761 0.306011
218 57 53 0.518182 0.311475
219 57 53 0.518182 0.311475
220 58 53 0.522523 0.316940
221 58 53 0.522523 0.316940
222 59 53 0.526786 0.322404
223 59 53 0.526786 0.322404
224 59 54 0.522124 0.322404
225 59 54 0.522124 0.322404
226 59 55 0.517544 0.322404
227 59 55 0.517544 0.322404
228 60 55 0.521739 0.327869
229 60 55 0.521739 0.327869
230 61 55 0.525862 0.333333
231 61 55 0.525862 0.333333
232 61 56 0.521368 0.333333
233 61 56 0.521368 0.333333
234 62 56 0.525424 0.338798
235 62 56 0.525424 0.338798
236 63 56 0.529412 0.344262
237 63 56 0.529412 0.344262
238 64 56 0.533333 0.349727
239 64 56 0.533333 0.349727
240 65 56 0.537190 0.355191
241 65 56 0.537190 0.355191
242 66 56 0.540984 0.360656
243 66 56 0.540984 0.360656
244 67 56 0.544715 0.366120
245 67 56 0.544715 0.366120
246 68 56 0.548387 0.371585
247 68 56 0.548387 0.371585
248 69 56 0.552000 0.377049
249 69 56 0.552000 0.377049
250 70 56 0.555556 0.382514
251 70 56 0.555556 0.382514
252 71 56 0.559055 0.387978
253 71 56 0.559055 0.387978
254 72 56 0.562500 0.393443
255 72 56 0.562500 0.393443
256 73 56 0.565891 0.398907
257 73 56 0.565891 0.398907
258 74 56 0.569231 0.404372
259 74 56 0.569231 0.404372
260 75 56 0.572519 0.409836
261 75 56 0.572519 0.409836
262 76 56 0.575758 0.415301
263 76 56 0.575758 0.415301
264 76 57 0.571429 0.415301
265 76 57 0.571429 0.415301
266 77 57 0.574627 0.420765
267 77 57 0.574627 0.420765
268 78 57 0.577778 0.426230
269 78 57 0.577778 0.426230
270 79 57 0.580882 0.431694
271 79 57 0.580882 0.431694
272 80 57 0.583942 0.437158
273 80 57 0.583942 0.437158
274 80 58 0.579710 0.437158
275 80 58 0.579710 0.437158
276 81 58 0.582734 0.442623
277 81 58 0.582734 0.442623
278 82 58 0.585714 0.448087
279 82 58 0.585714 0.448087
280 83 58 0.588652 0.453552
281 83 58 0.588652 0.453552
282 84 58 0.591549 0.459016
283 84 58 0.591549 0.459016
284 85 58 0.594406 0.464481
285 85 58 0.594406 0.464481
286 85 59 0.590278 0.464481
287 85 59 0.590278 0.464481
288 85 60 0.586207 0.464481
289 85 60 0.586207 0.464481
290 86 60 0.589041 0.469945
291 86 60 0.589041 0.469945
292 86 61 0.585034 0.469945
293 86 61 0.585034 0.469945
294 86 62 0.581081 0.469945
295 86 62 0.581081 0.469945
296 87 62 0.583893 0.475410
297 87 62 0.583893 0.475410
298 88 62 0.586667 0.480874
299 88 62 0.586667 0.480874
300 89 62 0.589404 0.486339
301 89 62 0.589404 0.486339
302 90 62 0.592105 0.491803
303 90 62 0.592105 0.491803
304 91 62 0.594771 0.497268
305 91 62 0.594771 0.497268
306 92 62 0.597403 0.502732
307 92 62 0.597403 0.502732
308 93 62 0.600000 0.508197
309 93 62 0.600000 0.508197
310 94 62 0.602564 0.513661
311 94 62 0.602564 0.513661
312 95 62 0.605096 0.519126
313 95 62 0.605096 0.519126
314 96 62 0.607595 0.524590
315 96 62 0.607595 0.524590
316 97 62 0.610063 0.530055
317 97 62 0.610063 0.530055
318 98 62 0.612500 0.535519
319 98 62 0.612500 0.535519
320 99 62 0.614907 0.540984
321 99 62 0.614907 0.540984
322 100 62 0.617284 0.546448
323 100 62 0.617284 0.546448
324 100 63 0.613497 0.546448
325 100 63 0.613497 0.546448
326 101 63 0.615854 0.551913
327 101 63 0.615854 0.551913
328 102 63 0.618182 0.557377
329 102 63 0.618182 0.557377
330 103 63 0.620482 0.562842
331 103 63 0.620482 0.562842
332 104 63 0.622755 0.568306
333 104 63 0.622755 0.568306
334 105 63 0.625000 0.573770
335 105 63 0.625000 0.573770
336 106 63 0.627219 0.579235
337 106 63 0.627219 0.579235
338 107 63 0.629412 0.584699
339 107 63 0.629412 0.584699
340 108 63 0.631579 0.590164
341 108 63 0.631579 0.590164
342 109 63 0.633721 0.595628
343 109 63 0.633721 0.595628
344 110 63 0.635838 0.601093
345 110 63 0.635838 0.601093
346 111 63 0.637931 0.606557
347 111 63 0.637931 0.606557
348 112 63 0.640000 0.612022
349 112 63 0.640000 0.612022
350 113 63 0.642045 0.617486
351 113 63 0.642045 0.617486
352 114 63 0.644068 0.622951
353 114 63 0.644068 0.622951
354 115 63 0.646067 0.628415
355 115 63 0.646067 0.628415
356 116 63 0.648045 0.633880
357 116 63 0.648045 0.633880
358 117 63 0.650000 0.639344
359 117 63 0.650000 0.639344
360 118 63 0.651934 0.644809
361 118 63 0.651934 0.644809
362 119 63 0.653846 0.650273
363 119 63 0.653846 0.650273
364 120 63 0.655738 0.655738
365 120 63 0.655738 0.655738
366 121 63 0.657609 0.661202
367 121 63 0.657609 0.661202
368 122 63 0.659459 0.666667
369 122 63 0.659459 0.666667
370 123 63 0.661290 0.672131
371 123 63 0.661290 0.672131
372 124 63 0.663102 0.677596
373 124 63 0.663102 0.677596
374 125 63 0.664894 0.683060
375 125 63 0.664894 0.683060
376 126 63 0.666667 0.688525
377 126 63 0.666667 0.688525
378 127 63 0.668421 0.693989
379 127 63 0.668421 0.693989
380 127 64 0.664921 0.693989
381 127 64 0.664921 0.693989
382 128 64 0.666667 0.699454
383 128 64 0.666667 0.699454
384 129 64 0.668394 0.704918
385 129 64 0.668394 0.704918
386 130 64 0.670103 0.710383
387 130 64 0.670103 0.710383
388 131 64 0.671795 0.715847
389 131 64 0.671795 0.715847
390 132 64 0.673469 0.721311
391 132 64 0.673469 0.721311
392 133 64 0.675127 0.726776
393 133 64 0.675127 0.726776
394 134 64 0.676768 0.732240
395 134 64 0.676768 0.732240
396 135 64 0.678392 0.737705
397 135 64 0.678392 0.737705
398 136 64 0.680000 0.743169
399 136 64 0.680000 0.743169
400 136 65 0.676617 0.743169
401 136 65 0.676617 0.743169
402 137 65 0.678218 0.748634
403 137 65 0.678218 0.748634
404 137 65 0.678218 0.748634
405 137 65 0.678218 0.748634
406 137 65 0.678218 0.748634
407 137 65 0.678218 0.748634
408 137 65 0.678218 0.748634
409 137 65 0.678218 0.748634
410 137 65 0.678218 0.748634
411 137 65 0.678218 0.748634
412 137 65 0.678218 0.748634
413 137 65 0.678218 0.748634
414 137 65 0.678218 0.748634
415 137 65 0.678218 0.748634
416 137 65 0.678218 0.748634
417 137 65 0.678218 0.748634
418 137 65 0.678218 0.748634
419 137 65 0.678218 0.748634
420 137 65 0.678218 0.748634
421 137 65 0.678218 0.748634
422 137 65 0.678218 0.748634
423 137 65 0.678218 0.748634
424 137 65 0.678218 0.748634
425 137 65 0.678218 0.748634
426 137 65 0.678218 0.748634
427 137 65 0.678218 0.748634
428 137 65 0.678218 0.748634
429 137 65 0.678218 0.748634
430 137 65 0.678218 0.748634
431 137 65 0.678218 0.748634
432 137 65 0.678218 0.748634
433 137 65 0.678218 0.748634
434 137 65 0.678218 0.748634
435 137 65 0.678218 0.748634
436 137 65 0.678218 0.748634
437 137 65 0.678218 0.748634
438 137 65 0.678218 0.748634
439 137 65 0.678218 0.748634
440 137 65 0.678218 0.748634
441 137 65 0.678218 0.748634
442 137 65 0.678218 0.748634
443 137 65 0.678218 0.748634
444 137 65 0.678218 0.748634
445 137 65 0.678218 0.748634
446 137 65 0.678218 0.748634
447 137 65 0.678218 0.748634
448 137 65 0.678218 0.748634
449 137 65 0.678218 0.748634
450 137 65 0.678218 0.748634
451 137 65 0.678218 0.748634
452 137 65 0.678218 0.748634
453 137 65 0.678218 0.748634
454 137 65 0.678218 0.748634
455 137 65 0.678218 0.748634
456 137 65 0.678218 0.748634
457 137 65 0.678218 0.748634
458 137 65 0.678218 0.748634
