Index,TP,FP,Precision,Recall 
0 0 1 0 0.000000
1 0 1 0 0.000000
2 1 1 0.500000 0.006410
3 1 1 0.500000 0.006410
4 1 2 0.333333 0.006410
5 1 2 0.333333 0.006410
6 2 2 0.500000 0.012821
7 2 2 0.500000 0.012821
8 2 3 0.400000 0.012821
9 2 3 0.400000 0.012821
10 2 4 0.333333 0.012821
11 2 4 0.333333 0.012821
12 3 4 0.428571 0.019231
13 3 4 0.428571 0.019231
14 3 5 0.375000 0.019231
15 3 5 0.375000 0.019231
16 4 5 0.444444 0.025641
17 4 5 0.444444 0.025641
18 5 5 0.500000 0.032051
19 5 5 0.500000 0.032051
20 6 5 0.545455 0.038462
21 6 5 0.545455 0.038462
22 6 6 0.500000 0.038462
23 6 6 0.500000 0.038462
24 6 7 0.461538 0.038462
25 6 7 0.461538 0.038462
26 6 8 0.428571 0.038462
27 6 8 0.428571 0.038462
28 6 9 0.400000 0.038462
29 6 9 0.400000 0.038462
30 6 10 0.375000 0.038462
31 6 10 0.375000 0.038462
32 6 11 0.352941 0.038462
33 6 11 0.352941 0.038462
34 6 12 0.333333 0.038462
35 6 12 0.333333 0.038462
36 7 12 0.368421 0.044872
37 7 12 0.368421 0.044872
38 7 13 0.350000 0.044872
39 7 13 0.350000 0.044872
40 7 14 0.333333 0.044872
41 7 14 0.333333 0.044872
42 8 14 0.363636 0.051282
43 8 14 0.363636 0.051282
44 8 15 0.347826 0.051282
45 8 15 0.347826 0.051282
46 8 16 0.333333 0.051282
47 8 16 0.333333 0.051282
48 8 17 0.320000 0.051282
49 8 17 0.320000 0.051282
50 9 17 0.346154 0.057692
51 9 17 0.346154 0.057692
52 10 17 0.370370 0.064103
53 10 17 0.370370 0.064103
54 11 17 0.392857 0.070513
55 11 17 0.392857 0.070513
56 11 18 0.379310 0.070513
57 11 18 0.379310 0.070513
58 11 19 0.366667 0.070513
59 11 19 0.366667 0.070513
60 12 19 0.387097 0.076923
61 12 19 0.387097 0.076923
62 12 20 0.375000 0.076923
63 12 20 0.375000 0.076923
64 12 21 0.363636 0.076923
65 12 21 0.363636 0.076923
66 12 22 0.352941 0.076923
67 12 22 0.352941 0.076923
68 12 23 0.342857 0.076923
69 12 23 0.342857 0.076923
70 12 24 0.333333 0.076923
71 12 24 0.333333 0.076923
72 12 25 0.324324 0.076923
73 12 25 0.324324 0.076923
74 12 26 0.315789 0.076923
75 12 26 0.315789 0.076923
76 13 26 0.333333 0.083333
77 13 26 0.333333 0.083333
78 14 26 0.350000 0.089744
79 14 26 0.350000 0.089744
80 14 27 0.341463 0.089744
81 14 27 0.341463 0.089744
82 14 28 0.333333 0.089744
83 14 28 0.333333 0.089744
84 15 28 0.348837 0.096154
85 15 28 0.348837 0.096154
86 16 28 0.363636 0.102564
87 16 28 0.363636 0.102564
88 16 29 0.355556 0.102564
89 16 29 0.355556 0.102564
90 16 30 0.347826 0.102564
91 16 30 0.347826 0.102564
92 16 31 0.340426 0.102564
93 16 31 0.340426 0.102564
94 17 31 0.354167 0.108974
95 17 31 0.354167 0.108974
96 17 32 0.346939 0.108974
97 17 32 0.346939 0.108974
98 18 32 0.360000 0.115385
99 18 32 0.360000 0.115385
100 19 32 0.372549 0.121795
101 19 32 0.372549 0.121795
102 19 33 0.365385 0.121795
103 19 33 0.365385 0.121795
104 20 33 0.377358 0.128205
105 20 33 0.377358 0.128205
106 20 34 0.370370 0.128205
107 20 34 0.370370 0.128205
108 20 35 0.363636 0.128205
109 20 35 0.363636 0.128205
110 21 35 0.375000 0.134615
111 21 35 0.375000 0.134615
112 21 36 0.368421 0.134615
113 21 36 0.368421 0.134615
114 21 37 0.362069 0.134615
115 21 37 0.362069 0.134615
116 21 38 0.355932 0.134615
117 21 38 0.355932 0.134615
118 21 39 0.350000 0.134615
119 21 39 0.350000 0.134615
120 22 39 0.360656 0.141026
121 22 39 0.360656 0.141026
122 22 40 0.354839 0.141026
123 22 40 0.354839 0.141026
124 22 41 0.349206 0.141026
125 22 41 0.349206 0.141026
126 23 41 0.359375 0.147436
127 23 41 0.359375 0.147436
128 23 42 0.353846 0.147436
129 23 42 0.353846 0.147436
130 23 43 0.348485 0.147436
131 23 43 0.348485 0.147436
132 24 43 0.358209 0.153846
133 24 43 0.358209 0.153846
134 24 44 0.352941 0.153846
135 24 44 0.352941 0.153846
136 25 44 0.362319 0.160256
137 25 44 0.362319 0.160256
138 26 44 0.371429 0.166667
139 26 44 0.371429 0.166667
140 27 44 0.380282 0.173077
141 27 44 0.380282 0.173077
142 28 44 0.388889 0.179487
143 28 44 0.388889 0.179487
144 29 44 0.397260 0.185897
145 29 44 0.397260 0.185897
146 29 45 0.391892 0.185897
147 29 45 0.391892 0.185897
148 29 46 0.386667 0.185897
149 29 46 0.386667 0.185897
150 29 47 0.381579 0.185897
151 29 47 0.381579 0.185897
152 30 47 0.389610 0.192308
153 30 47 0.389610 0.192308
154 30 48 0.384615 0.192308
155 30 48 0.384615 0.192308
156 31 48 0.392405 0.198718
157 31 48 0.392405 0.198718
158 32 48 0.400000 0.205128
159 32 48 0.400000 0.205128
160 32 49 0.395062 0.205128
161 32 49 0.395062 0.205128
162 32 50 0.390244 0.205128
163 32 50 0.390244 0.205128
164 33 50 0.397590 0.211538
165 33 50 0.397590 0.211538
166 34 50 0.404762 0.217949
167 34 50 0.404762 0.217949
168 34 51 0.400000 0.217949
169 34 51 0.400000 0.217949
170 35 51 0.406977 0.224359
171 35 51 0.406977 0.224359
172 35 52 0.402299 0.224359
173 35 52 0.402299 0.224359
174 36 52 0.409091 0.230769
175 36 52 0.409091 0.230769
176 37 52 0.415730 0.237179
177 37 52 0.415730 0.237179
178 38 52 0.422222 0.243590
179 38 52 0.422222 0.243590
180 38 53 0.417582 0.243590
181 38 53 0.417582 0.243590
182 39 53 0.423913 0.250000
183 39 53 0.423913 0.250000
184 40 53 0.430108 0.256410
185 40 53 0.430108 0.256410
186 41 53 0.436170 0.262821
187 41 53 0.436170 0.262821
188 42 53 0.442105 0.269231
189 42 53 0.442105 0.269231
190 42 54 0.437500 0.269231
191 42 54 0.437500 0.269231
192 43 54 0.443299 0.275641
193 43 54 0.443299 0.275641
194 44 54 0.448980 0.282051
195 44 54 0.448980 0.282051
196 45 54 0.454545 0.288462
197 45 54 0.454545 0.288462
198 46 54 0.460000 0.294872
199 46 54 0.460000 0.294872
200 46 55 0.455446 0.294872
201 46 55 0.455446 0.294872
202 46 56 0.450980 0.294872
203 46 56 0.450980 0.294872
204 47 56 0.456311 0.301282
205 47 56 0.456311 0.301282
206 48 56 0.461538 0.307692
207 48 56 0.461538 0.307692
208 48 57 0.457143 0.307692
209 48 57 0.457143 0.307692
210 49 57 0.462264 0.314103
211 49 57 0.462264 0.314103
212 50 57 0.467290 0.320513
213 50 57 0.467290 0.320513
214 50 58 0.462963 0.320513
215 50 58 0.462963 0.320513
216 51 58 0.467890 0.326923
217 51 58 0.467890 0.326923
218 51 59 0.463636 0.326923
219 51 59 0.463636 0.326923
220 52 59 0.468468 0.333333
221 52 59 0.468468 0.333333
222 52 60 0.464286 0.333333
223 52 60 0.464286 0.333333
224 52 61 0.460177 0.333333
225 52 61 0.460177 0.333333
226 52 62 0.456140 0.333333
227 52 62 0.456140 0.333333
228 53 62 0.460870 0.339744
229 53 62 0.460870 0.339744
230 54 62 0.465517 0.346154
231 54 62 0.465517 0.346154
232 54 63 0.461538 0.346154
233 54 63 0.461538 0.346154
234 55 63 0.466102 0.352564
235 55 63 0.466102 0.352564
236 56 63 0.470588 0.358974
237 56 63 0.470588 0.358974
238 56 64 0.466667 0.358974
239 56 64 0.466667 0.358974
240 57 64 0.471074 0.365385
241 57 64 0.471074 0.365385
242 57 65 0.467213 0.365385
243 57 65 0.467213 0.365385
244 58 65 0.471545 0.371795
245 58 65 0.471545 0.371795
246 59 65 0.475806 0.378205
247 59 65 0.475806 0.378205
248 60 65 0.480000 0.384615
249 60 65 0.480000 0.384615
250 60 66 0.476190 0.384615
251 60 66 0.476190 0.384615
252 60 67 0.472441 0.384615
253 60 67 0.472441 0.384615
254 61 67 0.476562 0.391026
255 61 67 0.476562 0.391026
256 61 68 0.472868 0.391026
257 61 68 0.472868 0.391026
258 62 68 0.476923 0.397436
259 62 68 0.476923 0.397436
260 63 68 0.480916 0.403846
261 63 68 0.480916 0.403846
262 63 69 0.477273 0.403846
263 63 69 0.477273 0.403846
264 63 70 0.473684 0.403846
265 63 70 0.473684 0.403846
266 64 70 0.477612 0.410256
267 64 70 0.477612 0.410256
268 64 71 0.474074 0.410256
269 64 71 0.474074 0.410256
270 65 71 0.477941 0.416667
271 65 71 0.477941 0.416667
272 66 71 0.481752 0.423077
273 66 71 0.481752 0.423077
274 67 71 0.485507 0.429487
275 67 71 0.485507 0.429487
276 67 72 0.482014 0.429487
277 67 72 0.482014 0.429487
278 68 72 0.485714 0.435897
279 68 72 0.485714 0.435897
280 69 72 0.489362 0.442308
281 69 72 0.489362 0.442308
282 70 72 0.492958 0.448718
283 70 72 0.492958 0.448718
284 70 73 0.489510 0.448718
285 70 73 0.489510 0.448718
286 70 74 0.486111 0.448718
287 70 74 0.486111 0.448718
288 71 74 0.489655 0.455128
289 71 74 0.489655 0.455128
290 72 74 0.493151 0.461538
291 72 74 0.493151 0.461538
292 72 75 0.489796 0.461538
293 72 75 0.489796 0.461538
294 72 76 0.486486 0.461538
295 72 76 0.486486 0.461538
296 73 76 0.489933 0.467949
297 73 76 0.489933 0.467949
298 74 76 0.493333 0.474359
299 74 76 0.493333 0.474359
300 75 76 0.496689 0.480769
301 75 76 0.496689 0.480769
302 76 76 0.500000 0.487179
303 76 76 0.500000 0.487179
304 77 76 0.503268 0.493590
305 77 76 0.503268 0.493590
306 78 76 0.506494 0.500000
307 78 76 0.506494 0.500000
308 79 76 0.509677 0.506410
309 79 76 0.509677 0.506410
310 80 76 0.512821 0.512821
311 80 76 0.512821 0.512821
312 81 76 0.515924 0.519231
313 81 76 0.515924 0.519231
314 82 76 0.518987 0.525641
315 82 76 0.518987 0.525641
316 82 77 0.515723 0.525641
317 82 77 0.515723 0.525641
318 83 77 0.518750 0.532051
319 83 77 0.518750 0.532051
320 84 77 0.521739 0.538462
321 84 77 0.521739 0.538462
322 85 77 0.524691 0.544872
323 85 77 0.524691 0.544872
324 86 77 0.527607 0.551282
325 86 77 0.527607 0.551282
326 87 77 0.530488 0.557692
327 87 77 0.530488 0.557692
328 88 77 0.533333 0.564103
329 88 77 0.533333 0.564103
330 89 77 0.536145 0.570513
331 89 77 0.536145 0.570513
332 90 77 0.538922 0.576923
333 90 77 0.538922 0.576923
334 91 77 0.541667 0.583333
335 91 77 0.541667 0.583333
336 91 78 0.538462 0.583333
337 91 78 0.538462 0.583333
338 91 79 0.535294 0.583333
339 91 79 0.535294 0.583333
340 92 79 0.538012 0.589744
341 92 79 0.538012 0.589744
342 92 80 0.534884 0.589744
343 92 80 0.534884 0.589744
344 93 80 0.537572 0.596154
345 93 80 0.537572 0.596154
346 94 80 0.540230 0.602564
347 94 80 0.540230 0.602564
348 95 80 0.542857 0.608974
349 95 80 0.542857 0.608974
350 96 80 0.545455 0.615385
351 96 80 0.545455 0.615385
352 96 81 0.542373 0.615385
353 96 81 0.542373 0.615385
354 97 81 0.544944 0.621795
355 97 81 0.544944 0.621795
356 98 81 0.547486 0.628205
357 98 81 0.547486 0.628205
358 98 82 0.544444 0.628205
359 98 82 0.544444 0.628205
360 99 82 0.546961 0.634615
361 99 82 0.546961 0.634615
362 99 83 0.543956 0.634615
363 99 83 0.543956 0.634615
364 100 83 0.546448 0.641026
365 100 83 0.546448 0.641026
366 101 83 0.548913 0.647436
367 101 83 0.548913 0.647436
368 102 83 0.551351 0.653846
369 102 83 0.551351 0.653846
370 103 83 0.553763 0.660256
371 103 83 0.553763 0.660256
372 104 83 0.556150 0.666667
373 104 83 0.556150 0.666667
374 105 83 0.558511 0.673077
375 105 83 0.558511 0.673077
376 106 83 0.560847 0.679487
377 106 83 0.560847 0.679487
378 107 83 0.563158 0.685897
379 107 83 0.563158 0.685897
380 108 83 0.565445 0.692308
381 108 83 0.565445 0.692308
382 109 83 0.567708 0.698718
383 109 83 0.567708 0.698718
384 110 83 0.569948 0.705128
385 110 83 0.569948 0.705128
386 111 83 0.572165 0.711538
387 111 83 0.572165 0.711538
388 112 83 0.574359 0.717949
389 112 83 0.574359 0.717949
390 113 83 0.576531 0.724359
391 113 83 0.576531 0.724359
392 113 84 0.573604 0.724359
393 113 84 0.573604 0.724359
394 114 84 0.575758 0.730769
395 114 84 0.575758 0.730769
396 114 85 0.572864 0.730769
397 114 85 0.572864 0.730769
398 115 85 0.575000 0.737179
399 115 85 0.575000 0.737179
400 115 86 0.572139 0.737179
401 115 86 0.572139 0.737179
402 115 87 0.569307 0.737179
403 115 87 0.569307 0.737179
404 115 87 0.569307 0.737179
405 115 87 0.569307 0.737179
406 115 87 0.569307 0.737179
407 115 87 0.569307 0.737179
408 115 87 0.569307 0.737179
409 115 87 0.569307 0.737179
410 115 87 0.569307 0.737179
411 115 87 0.569307 0.737179
412 115 87 0.569307 0.737179
413 115 87 0.569307 0.737179
414 115 87 0.569307 0.737179
415 115 87 0.569307 0.737179
416 115 87 0.569307 0.737179
417 115 87 0.569307 0.737179
418 115 87 0.569307 0.737179
419 115 87 0.569307 0.737179
420 115 87 0.569307 0.737179
421 115 87 0.569307 0.737179
422 115 87 0.569307 0.737179
423 115 87 0.569307 0.737179
424 115 87 0.569307 0.737179
425 115 87 0.569307 0.737179
426 115 87 0.569307 0.737179
427 115 87 0.569307 0.737179
428 115 87 0.569307 0.737179
429 115 87 0.569307 0.737179
430 115 87 0.569307 0.737179
431 115 87 0.569307 0.737179
432 115 87 0.569307 0.737179
433 115 87 0.569307 0.737179
434 115 87 0.569307 0.737179
435 115 87 0.569307 0.737179
436 115 87 0.569307 0.737179
437 115 87 0.569307 0.737179
438 115 87 0.569307 0.737179
439 115 87 0.569307 0.737179
440 115 87 0.569307 0.737179
441 115 87 0.569307 0.737179
442 115 87 0.569307 0.737179
443 115 87 0.569307 0.737179
444 115 87 0.569307 0.737179
445 115 87 0.569307 0.737179
446 115 87 0.569307 0.737179
447 115 87 0.569307 0.737179
448 115 87 0.569307 0.737179
449 115 87 0.569307 0.737179
450 115 87 0.569307 0.737179
451 115 87 0.569307 0.737179
452 115 87 0.569307 0.737179
453 115 87 0.569307 0.737179
454 115 87 0.569307 0.737179
455 115 87 0.569307 0.737179
456 115 87 0.569307 0.737179
457 115 87 0.569307 0.737179
458 115 87 0.569307 0.737179
