Index,TP,FP,Precision,Recall 
0 1 0 1.000000 0.005291
1 1 0 1.000000 0.005291
2 2 0 1.000000 0.010582
3 2 0 1.000000 0.010582
4 2 1 0.666667 0.010582
5 2 1 0.666667 0.010582
6 3 1 0.750000 0.015873
7 3 1 0.750000 0.015873
8 3 2 0.600000 0.015873
9 3 2 0.600000 0.015873
10 3 3 0.500000 0.015873
11 3 3 0.500000 0.015873
12 4 3 0.571429 0.021164
13 4 3 0.571429 0.021164
14 4 4 0.500000 0.021164
15 4 4 0.500000 0.021164
16 4 5 0.444444 0.021164
17 4 5 0.444444 0.021164
18 4 6 0.400000 0.021164
19 4 6 0.400000 0.021164
20 5 6 0.454545 0.026455
21 5 6 0.454545 0.026455
22 5 7 0.416667 0.026455
23 5 7 0.416667 0.026455
24 6 7 0.461538 0.031746
25 6 7 0.461538 0.031746
26 6 8 0.428571 0.031746
27 6 8 0.428571 0.031746
28 6 9 0.400000 0.031746
29 6 9 0.400000 0.031746
30 6 10 0.375000 0.031746
31 6 10 0.375000 0.031746
32 7 10 0.411765 0.037037
33 7 10 0.411765 0.037037
34 7 11 0.388889 0.037037
35 7 11 0.388889 0.037037
36 8 11 0.421053 0.042328
37 8 11 0.421053 0.042328
38 8 12 0.400000 0.042328
39 8 12 0.400000 0.042328
40 8 13 0.380952 0.042328
41 8 13 0.380952 0.042328
42 8 14 0.363636 0.042328
43 8 14 0.363636 0.042328
44 8 15 0.347826 0.042328
45 8 15 0.347826 0.042328
46 8 16 0.333333 0.042328
47 8 16 0.333333 0.042328
48 8 17 0.320000 0.042328
49 8 17 0.320000 0.042328
50 9 17 0.346154 0.047619
51 9 17 0.346154 0.047619
52 10 17 0.370370 0.052910
53 10 17 0.370370 0.052910
54 11 17 0.392857 0.058201
55 11 17 0.392857 0.058201
56 12 17 0.413793 0.063492
57 12 17 0.413793 0.063492
58 12 18 0.400000 0.063492
59 12 18 0.400000 0.063492
60 13 18 0.419355 0.068783
61 13 18 0.419355 0.068783
62 13 19 0.406250 0.068783
63 13 19 0.406250 0.068783
64 13 20 0.393939 0.068783
65 13 20 0.393939 0.068783
66 14 20 0.411765 0.074074
67 14 20 0.411765 0.074074
68 14 21 0.400000 0.074074
69 14 21 0.400000 0.074074
70 14 22 0.388889 0.074074
71 14 22 0.388889 0.074074
72 14 23 0.378378 0.074074
73 14 23 0.378378 0.074074
74 15 23 0.394737 0.079365
75 15 23 0.394737 0.079365
76 15 24 0.384615 0.079365
77 15 24 0.384615 0.079365
78 15 25 0.375000 0.079365
79 15 25 0.375000 0.079365
80 16 25 0.390244 0.084656
81 16 25 0.390244 0.084656
82 16 26 0.380952 0.084656
83 16 26 0.380952 0.084656
84 17 26 0.395349 0.089947
85 17 26 0.395349 0.089947
86 18 26 0.409091 0.095238
87 18 26 0.409091 0.095238
88 18 27 0.400000 0.095238
89 18 27 0.400000 0.095238
90 18 28 0.391304 0.095238
91 18 28 0.391304 0.095238
92 18 29 0.382979 0.095238
93 18 29 0.382979 0.095238
94 18 30 0.375000 0.095238
95 18 30 0.375000 0.095238
96 18 31 0.367347 0.095238
97 18 31 0.367347 0.095238
98 18 32 0.360000 0.095238
99 18 32 0.360000 0.095238
100 18 33 0.352941 0.095238
101 18 33 0.352941 0.095238
102 18 34 0.346154 0.095238
103 18 34 0.346154 0.095238
104 18 35 0.339623 0.095238
105 18 35 0.339623 0.095238
106 19 35 0.351852 0.100529
107 19 35 0.351852 0.100529
108 20 35 0.363636 0.105820
109 20 35 0.363636 0.105820
110 20 36 0.357143 0.105820
111 20 36 0.357143 0.105820
112 21 36 0.368421 0.111111
113 21 36 0.368421 0.111111
114 21 37 0.362069 0.111111
115 21 37 0.362069 0.111111
116 22 37 0.372881 0.116402
117 22 37 0.372881 0.116402
118 22 38 0.366667 0.116402
119 22 38 0.366667 0.116402
120 22 39 0.360656 0.116402
121 22 39 0.360656 0.116402
122 22 40 0.354839 0.116402
123 22 40 0.354839 0.116402
124 22 41 0.349206 0.116402
125 22 41 0.349206 0.116402
126 23 41 0.359375 0.121693
127 23 41 0.359375 0.121693
128 23 42 0.353846 0.121693
129 23 42 0.353846 0.121693
130 24 42 0.363636 0.126984
131 24 42 0.363636 0.126984
132 25 42 0.373134 0.132275
133 25 42 0.373134 0.132275
134 26 42 0.382353 0.137566
135 26 42 0.382353 0.137566
136 26 43 0.376812 0.137566
137 26 43 0.376812 0.137566
138 26 44 0.371429 0.137566
139 26 44 0.371429 0.137566
140 27 44 0.380282 0.142857
141 27 44 0.380282 0.142857
142 27 45 0.375000 0.142857
143 27 45 0.375000 0.142857
144 28 45 0.383562 0.148148
145 28 45 0.383562 0.148148
146 28 46 0.378378 0.148148
147 28 46 0.378378 0.148148
148 28 47 0.373333 0.148148
149 28 47 0.373333 0.148148
150 29 47 0.381579 0.153439
151 29 47 0.381579 0.153439
152 30 47 0.389610 0.158730
153 30 47 0.389610 0.158730
154 30 48 0.384615 0.158730
155 30 48 0.384615 0.158730
156 31 48 0.392405 0.164021
157 31 48 0.392405 0.164021
158 32 48 0.400000 0.169312
159 32 48 0.400000 0.169312
160 32 49 0.395062 0.169312
161 32 49 0.395062 0.169312
162 32 50 0.390244 0.169312
163 32 50 0.390244 0.169312
164 32 51 0.385542 0.169312
165 32 51 0.385542 0.169312
166 32 52 0.380952 0.169312
167 32 52 0.380952 0.169312
168 33 52 0.388235 0.174603
169 33 52 0.388235 0.174603
170 33 53 0.383721 0.174603
171 33 53 0.383721 0.174603
172 33 54 0.379310 0.174603
173 33 54 0.379310 0.174603
174 34 54 0.386364 0.179894
175 34 54 0.386364 0.179894
176 34 55 0.382022 0.179894
177 34 55 0.382022 0.179894
178 34 56 0.377778 0.179894
179 34 56 0.377778 0.179894
180 34 57 0.373626 0.179894
181 34 57 0.373626 0.179894
182 35 57 0.380435 0.185185
183 35 57 0.380435 0.185185
184 35 58 0.376344 0.185185
185 35 58 0.376344 0.185185
186 35 59 0.372340 0.185185
187 35 59 0.372340 0.185185
188 35 60 0.368421 0.185185
189 35 60 0.368421 0.185185
190 35 61 0.364583 0.185185
191 35 61 0.364583 0.185185
192 36 61 0.371134 0.190476
193 36 61 0.371134 0.190476
194 37 61 0.377551 0.195767
195 37 61 0.377551 0.195767
196 38 61 0.383838 0.201058
197 38 61 0.383838 0.201058
198 39 61 0.390000 0.206349
199 39 61 0.390000 0.206349
200 39 62 0.386139 0.206349
201 39 62 0.386139 0.206349
202 39 63 0.382353 0.206349
203 39 63 0.382353 0.206349
204 39 64 0.378641 0.206349
205 39 64 0.378641 0.206349
206 40 64 0.384615 0.211640
207 40 64 0.384615 0.211640
208 41 64 0.390476 0.216931
209 41 64 0.390476 0.216931
210 42 64 0.396226 0.222222
211 42 64 0.396226 0.222222
212 43 64 0.401869 0.227513
213 43 64 0.401869 0.227513
214 43 65 0.398148 0.227513
215 43 65 0.398148 0.227513
216 44 65 0.403670 0.232804
217 44 65 0.403670 0.232804
218 45 65 0.409091 0.238095
219 45 65 0.409091 0.238095
220 46 65 0.414414 0.243386
221 46 65 0.414414 0.243386
222 46 66 0.410714 0.243386
223 46 66 0.410714 0.243386
224 47 66 0.415929 0.248677
225 47 66 0.415929 0.248677
226 48 66 0.421053 0.253968
227 48 66 0.421053 0.253968
228 49 66 0.426087 0.259259
229 49 66 0.426087 0.259259
230 49 67 0.422414 0.259259
231 49 67 0.422414 0.259259
232 50 67 0.427350 0.264550
233 50 67 0.427350 0.264550
234 51 67 0.432203 0.269841
235 51 67 0.432203 0.269841
236 51 68 0.428571 0.269841
237 51 68 0.428571 0.269841
238 52 68 0.433333 0.275132
239 52 68 0.433333 0.275132
240 53 68 0.438017 0.280423
241 53 68 0.438017 0.280423
242 54 68 0.442623 0.285714
243 54 68 0.442623 0.285714
244 55 68 0.447154 0.291005
245 55 68 0.447154 0.291005
246 56 68 0.451613 0.296296
247 56 68 0.451613 0.296296
248 57 68 0.456000 0.301587
249 57 68 0.456000 0.301587
250 57 69 0.452381 0.301587
251 57 69 0.452381 0.301587
252 58 69 0.456693 0.306878
253 58 69 0.456693 0.306878
254 59 69 0.460938 0.312169
255 59 69 0.460938 0.312169
256 60 69 0.465116 0.317460
257 60 69 0.465116 0.317460
258 60 70 0.461538 0.317460
259 60 70 0.461538 0.317460
260 61 70 0.465649 0.322751
261 61 70 0.465649 0.322751
262 62 70 0.469697 0.328042
263 62 70 0.469697 0.328042
264 62 71 0.466165 0.328042
265 62 71 0.466165 0.328042
266 62 72 0.462687 0.328042
267 62 72 0.462687 0.328042
268 63 72 0.466667 0.333333
269 63 72 0.466667 0.333333
270 63 73 0.463235 0.333333
271 63 73 0.463235 0.333333
272 63 74 0.459854 0.333333
273 63 74 0.459854 0.333333
274 63 75 0.456522 0.333333
275 63 75 0.456522 0.333333
276 64 75 0.460432 0.338624
277 64 75 0.460432 0.338624
278 65 75 0.464286 0.343915
279 65 75 0.464286 0.343915
280 66 75 0.468085 0.349206
281 66 75 0.468085 0.349206
282 67 75 0.471831 0.354497
283 67 75 0.471831 0.354497
284 67 76 0.468531 0.354497
285 67 76 0.468531 0.354497
286 68 76 0.472222 0.359788
287 68 76 0.472222 0.359788
288 68 77 0.468966 0.359788
289 68 77 0.468966 0.359788
290 68 78 0.465753 0.359788
291 68 78 0.465753 0.359788
292 69 78 0.469388 0.365079
293 69 78 0.469388 0.365079
294 70 78 0.472973 0.370370
295 70 78 0.472973 0.370370
296 70 79 0.469799 0.370370
297 70 79 0.469799 0.370370
298 71 79 0.473333 0.375661
299 71 79 0.473333 0.375661
300 71 80 0.470199 0.375661
301 71 80 0.470199 0.375661
302 72 80 0.473684 0.380952
303 72 80 0.473684 0.380952
304 73 80 0.477124 0.386243
305 73 80 0.477124 0.386243
306 73 81 0.474026 0.386243
307 73 81 0.474026 0.386243
308 73 82 0.470968 0.386243
309 73 82 0.470968 0.386243
310 74 82 0.474359 0.391534
311 74 82 0.474359 0.391534
312 74 83 0.471338 0.391534
313 74 83 0.471338 0.391534
314 75 83 0.474684 0.396825
315 75 83 0.474684 0.396825
316 76 83 0.477987 0.402116
317 76 83 0.477987 0.402116
318 77 83 0.481250 0.407407
319 77 83 0.481250 0.407407
320 78 83 0.484472 0.412698
321 78 83 0.484472 0.412698
322 79 83 0.487654 0.417989
323 79 83 0.487654 0.417989
324 80 83 0.490798 0.423280
325 80 83 0.490798 0.423280
326 80 84 0.487805 0.423280
327 80 84 0.487805 0.423280
328 81 84 0.490909 0.428571
329 81 84 0.490909 0.428571
330 82 84 0.493976 0.433862
331 82 84 0.493976 0.433862
332 83 84 0.497006 0.439153
333 83 84 0.497006 0.439153
334 83 85 0.494048 0.439153
335 83 85 0.494048 0.439153
336 84 85 0.497041 0.444444
337 84 85 0.497041 0.444444
338 85 85 0.500000 0.449735
339 85 85 0.500000 0.449735
340 86 85 0.502924 0.455026
341 86 85 0.502924 0.455026
342 87 85 0.505814 0.460317
343 87 85 0.505814 0.460317
344 88 85 0.508671 0.465608
345 88 85 0.508671 0.465608
346 88 86 0.505747 0.465608
347 88 86 0.505747 0.465608
348 89 86 0.508571 0.470899
349 89 86 0.508571 0.470899
350 89 87 0.505682 0.470899
351 89 87 0.505682 0.470899
352 89 88 0.502825 0.470899
353 89 88 0.502825 0.470899
354 90 88 0.505618 0.476190
355 90 88 0.505618 0.476190
356 91 88 0.508380 0.481481
357 91 88 0.508380 0.481481
358 92 88 0.511111 0.486772
359 92 88 0.511111 0.486772
360 93 88 0.513812 0.492063
361 93 88 0.513812 0.492063
362 93 89 0.510989 0.492063
363 93 89 0.510989 0.492063
364 93 90 0.508197 0.492063
365 93 90 0.508197 0.492063
366 94 90 0.510870 0.497355
367 94 90 0.510870 0.497355
368 95 90 0.513514 0.502645
369 95 90 0.513514 0.502645
370 96 90 0.516129 0.507937
371 96 90 0.516129 0.507937
372 97 90 0.518717 0.513228
373 97 90 0.518717 0.513228
374 98 90 0.521277 0.518519
375 98 90 0.521277 0.518519
376 99 90 0.523810 0.523810
377 99 90 0.523810 0.523810
378 100 90 0.526316 0.529101
379 100 90 0.526316 0.529101
380 101 90 0.528796 0.534392
381 101 90 0.528796 0.534392
382 102 90 0.531250 0.539683
383 102 90 0.531250 0.539683
384 103 90 0.533679 0.544974
385 103 90 0.533679 0.544974
386 104 90 0.536082 0.550265
387 104 90 0.536082 0.550265
388 105 90 0.538462 0.555556
389 105 90 0.538462 0.555556
390 105 91 0.535714 0.555556
391 105 91 0.535714 0.555556
392 105 92 0.532995 0.555556
393 105 92 0.532995 0.555556
394 106 92 0.535354 0.560847
395 106 92 0.535354 0.560847
396 106 93 0.532663 0.560847
397 106 93 0.532663 0.560847
398 107 93 0.535000 0.566138
399 107 93 0.535000 0.566138
400 107 94 0.532338 0.566138
401 107 94 0.532338 0.566138
402 108 94 0.534653 0.571429
403 108 94 0.534653 0.571429
404 108 94 0.534653 0.571429
405 108 94 0.534653 0.571429
406 108 94 0.534653 0.571429
407 108 94 0.534653 0.571429
408 108 94 0.534653 0.571429
409 108 94 0.534653 0.571429
410 108 94 0.534653 0.571429
411 108 94 0.534653 0.571429
412 108 94 0.534653 0.571429
413 108 94 0.534653 0.571429
414 108 94 0.534653 0.571429
415 108 94 0.534653 0.571429
416 108 94 0.534653 0.571429
417 108 94 0.534653 0.571429
418 108 94 0.534653 0.571429
419 108 94 0.534653 0.571429
420 108 94 0.534653 0.571429
421 108 94 0.534653 0.571429
422 108 94 0.534653 0.571429
423 108 94 0.534653 0.571429
424 108 94 0.534653 0.571429
425 108 94 0.534653 0.571429
426 108 94 0.534653 0.571429
427 108 94 0.534653 0.571429
428 108 94 0.534653 0.571429
429 108 94 0.534653 0.571429
430 108 94 0.534653 0.571429
431 108 94 0.534653 0.571429
432 108 94 0.534653 0.571429
433 108 94 0.534653 0.571429
434 108 94 0.534653 0.571429
435 108 94 0.534653 0.571429
436 108 94 0.534653 0.571429
437 108 94 0.534653 0.571429
438 108 94 0.534653 0.571429
439 108 94 0.534653 0.571429
440 108 94 0.534653 0.571429
441 108 94 0.534653 0.571429
442 108 94 0.534653 0.571429
443 108 94 0.534653 0.571429
444 108 94 0.534653 0.571429
445 108 94 0.534653 0.571429
446 108 94 0.534653 0.571429
447 108 94 0.534653 0.571429
448 108 94 0.534653 0.571429
449 108 94 0.534653 0.571429
450 108 94 0.534653 0.571429
451 108 94 0.534653 0.571429
452 108 94 0.534653 0.571429
453 108 94 0.534653 0.571429
454 108 94 0.534653 0.571429
455 108 94 0.534653 0.571429
456 108 94 0.534653 0.571429
457 108 94 0.534653 0.571429
458 108 94 0.534653 0.571429
