Index,TP,FP,Precision,Recall 
0 0 1 0 0.000000
1 0 1 0 0.000000
2 0 2 0 0.000000
3 0 2 0 0.000000
4 0 3 0 0.000000
5 0 3 0 0.000000
6 0 4 0 0.000000
7 0 4 0 0.000000
8 0 5 0 0.000000
9 0 5 0 0.000000
10 0 6 0 0.000000
11 0 6 0 0.000000
12 1 6 0.142857 0.005525
13 1 6 0.142857 0.005525
14 1 7 0.125000 0.005525
15 1 7 0.125000 0.005525
16 2 7 0.222222 0.011050
17 2 7 0.222222 0.011050
18 2 8 0.200000 0.011050
19 2 8 0.200000 0.011050
20 3 8 0.272727 0.016575
21 3 8 0.272727 0.016575
22 3 9 0.250000 0.016575
23 3 9 0.250000 0.016575
24 3 10 0.230769 0.016575
25 3 10 0.230769 0.016575
26 4 10 0.285714 0.022099
27 4 10 0.285714 0.022099
28 4 11 0.266667 0.022099
29 4 11 0.266667 0.022099
30 4 12 0.250000 0.022099
31 4 12 0.250000 0.022099
32 4 13 0.235294 0.022099
33 4 13 0.235294 0.022099
34 4 14 0.222222 0.022099
35 4 14 0.222222 0.022099
36 5 14 0.263158 0.027624
37 5 14 0.263158 0.027624
38 6 14 0.300000 0.033149
39 6 14 0.300000 0.033149
40 6 15 0.285714 0.033149
41 6 15 0.285714 0.033149
42 7 15 0.318182 0.038674
43 7 15 0.318182 0.038674
44 7 16 0.304348 0.038674
45 7 16 0.304348 0.038674
46 8 16 0.333333 0.044199
47 8 16 0.333333 0.044199
48 9 16 0.360000 0.049724
49 9 16 0.360000 0.049724
50 10 16 0.384615 0.055249
51 10 16 0.384615 0.055249
52 11 16 0.407407 0.060773
53 11 16 0.407407 0.060773
54 11 17 0.392857 0.060773
55 11 17 0.392857 0.060773
56 12 17 0.413793 0.066298
57 12 17 0.413793 0.066298
58 12 18 0.400000 0.066298
59 12 18 0.400000 0.066298
60 13 18 0.419355 0.071823
61 13 18 0.419355 0.071823
62 13 19 0.406250 0.071823
63 13 19 0.406250 0.071823
64 13 20 0.393939 0.071823
65 13 20 0.393939 0.071823
66 14 20 0.411765 0.077348
67 14 20 0.411765 0.077348
68 14 21 0.400000 0.077348
69 14 21 0.400000 0.077348
70 15 21 0.416667 0.082873
71 15 21 0.416667 0.082873
72 15 22 0.405405 0.082873
73 15 22 0.405405 0.082873
74 15 23 0.394737 0.082873
75 15 23 0.394737 0.082873
76 16 23 0.410256 0.088398
77 16 23 0.410256 0.088398
78 17 23 0.425000 0.093923
79 17 23 0.425000 0.093923
80 17 24 0.414634 0.093923
81 17 24 0.414634 0.093923
82 17 25 0.404762 0.093923
83 17 25 0.404762 0.093923
84 18 25 0.418605 0.099448
85 18 25 0.418605 0.099448
86 19 25 0.431818 0.104972
87 19 25 0.431818 0.104972
88 19 26 0.422222 0.104972
89 19 26 0.422222 0.104972
90 19 27 0.413043 0.104972
91 19 27 0.413043 0.104972
92 19 28 0.404255 0.104972
93 19 28 0.404255 0.104972
94 20 28 0.416667 0.110497
95 20 28 0.416667 0.110497
96 21 28 0.428571 0.116022
97 21 28 0.428571 0.116022
98 22 28 0.440000 0.121547
99 22 28 0.440000 0.121547
100 23 28 0.450980 0.127072
101 23 28 0.450980 0.127072
102 23 29 0.442308 0.127072
103 23 29 0.442308 0.127072
104 23 30 0.433962 0.127072
105 23 30 0.433962 0.127072
106 23 31 0.425926 0.127072
107 23 31 0.425926 0.127072
108 24 31 0.436364 0.132597
109 24 31 0.436364 0.132597
110 25 31 0.446429 0.138122
111 25 31 0.446429 0.138122
112 26 31 0.456140 0.143646
113 26 31 0.456140 0.143646
114 26 32 0.448276 0.143646
115 26 32 0.448276 0.143646
116 26 33 0.440678 0.143646
117 26 33 0.440678 0.143646
118 27 33 0.450000 0.149171
119 27 33 0.450000 0.149171
120 27 34 0.442623 0.149171
121 27 34 0.442623 0.149171
122 27 35 0.435484 0.149171
123 27 35 0.435484 0.149171
124 27 36 0.428571 0.149171
125 27 36 0.428571 0.149171
126 28 36 0.437500 0.154696
127 28 36 0.437500 0.154696
128 28 37 0.430769 0.154696
129 28 37 0.430769 0.154696
130 28 38 0.424242 0.154696
131 28 38 0.424242 0.154696
132 29 38 0.432836 0.160221
133 29 38 0.432836 0.160221
134 29 39 0.426471 0.160221
135 29 39 0.426471 0.160221
136 30 39 0.434783 0.165746
137 30 39 0.434783 0.165746
138 31 39 0.442857 0.171271
139 31 39 0.442857 0.171271
140 31 40 0.436620 0.171271
141 31 40 0.436620 0.171271
142 31 41 0.430556 0.171271
143 31 41 0.430556 0.171271
144 32 41 0.438356 0.176796
145 32 41 0.438356 0.176796
146 32 42 0.432432 0.176796
147 32 42 0.432432 0.176796
148 32 43 0.426667 0.176796
149 32 43 0.426667 0.176796
150 33 43 0.434211 0.182320
151 33 43 0.434211 0.182320
152 34 43 0.441558 0.187845
153 34 43 0.441558 0.187845
154 35 43 0.448718 0.193370
155 35 43 0.448718 0.193370
156 36 43 0.455696 0.198895
157 36 43 0.455696 0.198895
158 37 43 0.462500 0.204420
159 37 43 0.462500 0.204420
160 37 44 0.456790 0.204420
161 37 44 0.456790 0.204420
162 37 45 0.451219 0.204420
163 37 45 0.451219 0.204420
164 38 45 0.457831 0.209945
165 38 45 0.457831 0.209945
166 39 45 0.464286 0.215470
167 39 45 0.464286 0.215470
168 39 46 0.458824 0.215470
169 39 46 0.458824 0.215470
170 40 46 0.465116 0.220994
171 40 46 0.465116 0.220994
172 40 47 0.459770 0.220994
173 40 47 0.459770 0.220994
174 41 47 0.465909 0.226519
175 41 47 0.465909 0.226519
176 41 48 0.460674 0.226519
177 41 48 0.460674 0.226519
178 41 49 0.455556 0.226519
179 41 49 0.455556 0.226519
180 42 49 0.461538 0.232044
181 42 49 0.461538 0.232044
182 43 49 0.467391 0.237569
183 43 49 0.467391 0.237569
184 43 50 0.462366 0.237569
185 43 50 0.462366 0.237569
186 43 51 0.457447 0.237569
187 43 51 0.457447 0.237569
188 44 51 0.463158 0.243094
189 44 51 0.463158 0.243094
190 45 51 0.468750 0.248619
191 45 51 0.468750 0.248619
192 46 51 0.474227 0.254144
193 46 51 0.474227 0.254144
194 47 51 0.479592 0.259668
195 47 51 0.479592 0.259668
196 48 51 0.484848 0.265193
197 48 51 0.484848 0.265193
198 49 51 0.490000 0.270718
199 49 51 0.490000 0.270718
200 50 51 0.495050 0.276243
201 50 51 0.495050 0.276243
202 51 51 0.500000 0.281768
203 51 51 0.500000 0.281768
204 52 51 0.504854 0.287293
205 52 51 0.504854 0.287293
206 52 52 0.500000 0.287293
207 52 52 0.500000 0.287293
208 53 52 0.504762 0.292818
209 53 52 0.504762 0.292818
210 54 52 0.509434 0.298343
211 54 52 0.509434 0.298343
212 55 52 0.514019 0.303867
213 55 52 0.514019 0.303867
214 55 53 0.509259 0.303867
215 55 53 0.509259 0.303867
216 56 53 0.513761 0.309392
217 56 53 0.513761 0.309392
218 57 53 0.518182 0.314917
219 57 53 0.518182 0.314917
220 57 54 0.513514 0.314917
221 57 54 0.513514 0.314917
222 58 54 0.517857 0.320442
223 58 54 0.517857 0.320442
224 59 54 0.522124 0.325967
225 59 54 0.522124 0.325967
226 59 55 0.517544 0.325967
227 59 55 0.517544 0.325967
228 60 55 0.521739 0.331492
229 60 55 0.521739 0.331492
230 61 55 0.525862 0.337017
231 61 55 0.525862 0.337017
232 61 56 0.521368 0.337017
233 61 56 0.521368 0.337017
234 62 56 0.525424 0.342541
235 62 56 0.525424 0.342541
236 63 56 0.529412 0.348066
237 63 56 0.529412 0.348066
238 64 56 0.533333 0.353591
239 64 56 0.533333 0.353591
240 65 56 0.537190 0.359116
241 65 56 0.537190 0.359116
242 65 57 0.532787 0.359116
243 65 57 0.532787 0.359116
244 66 57 0.536585 0.364641
245 66 57 0.536585 0.364641
246 67 57 0.540323 0.370166
247 67 57 0.540323 0.370166
248 68 57 0.544000 0.375691
249 68 57 0.544000 0.375691
250 69 57 0.547619 0.381215
251 69 57 0.547619 0.381215
252 70 57 0.551181 0.386740
253 70 57 0.551181 0.386740
254 71 57 0.554688 0.392265
255 71 57 0.554688 0.392265
256 72 57 0.558140 0.397790
257 72 57 0.558140 0.397790
258 73 57 0.561538 0.403315
259 73 57 0.561538 0.403315
260 73 58 0.557252 0.403315
261 73 58 0.557252 0.403315
262 74 58 0.560606 0.408840
263 74 58 0.560606 0.408840
264 74 59 0.556391 0.408840
265 74 59 0.556391 0.408840
266 75 59 0.559702 0.414365
267 75 59 0.559702 0.414365
268 76 59 0.562963 0.419890
269 76 59 0.562963 0.419890
270 77 59 0.566176 0.425414
271 77 59 0.566176 0.425414
272 78 59 0.569343 0.430939
273 78 59 0.569343 0.430939
274 79 59 0.572464 0.436464
275 79 59 0.572464 0.436464
276 80 59 0.575540 0.441989
277 80 59 0.575540 0.441989
278 80 60 0.571429 0.441989
279 80 60 0.571429 0.441989
280 81 60 0.574468 0.447514
281 81 60 0.574468 0.447514
282 82 60 0.577465 0.453039
283 82 60 0.577465 0.453039
284 83 60 0.580420 0.458564
285 83 60 0.580420 0.458564
286 84 60 0.583333 0.464088
287 84 60 0.583333 0.464088
288 84 61 0.579310 0.464088
289 84 61 0.579310 0.464088
290 85 61 0.582192 0.469613
291 85 61 0.582192 0.469613
292 85 62 0.578231 0.469613
293 85 62 0.578231 0.469613
294 85 63 0.574324 0.469613
295 85 63 0.574324 0.469613
296 86 63 0.577181 0.475138
297 86 63 0.577181 0.475138
298 87 63 0.580000 0.480663
299 87 63 0.580000 0.480663
300 88 63 0.582781 0.486188
301 88 63 0.582781 0.486188
302 88 64 0.578947 0.486188
303 88 64 0.578947 0.486188
304 89 64 0.581699 0.491713
305 89 64 0.581699 0.491713
306 90 64 0.584416 0.497238
307 90 64 0.584416 0.497238
308 90 65 0.580645 0.497238
309 90 65 0.580645 0.497238
310 91 65 0.583333 0.502762
311 91 65 0.583333 0.502762
312 92 65 0.585987 0.508287
313 92 65 0.585987 0.508287
314 93 65 0.588608 0.513812
315 93 65 0.588608 0.513812
316 94 65 0.591195 0.519337
317 94 65 0.591195 0.519337
318 95 65 0.593750 0.524862
319 95 65 0.593750 0.524862
320 96 65 0.596273 0.530387
321 96 65 0.596273 0.530387
322 97 65 0.598765 0.535912
323 97 65 0.598765 0.535912
324 98 65 0.601227 0.541436
325 98 65 0.601227 0.541436
326 99 65 0.603659 0.546961
327 99 65 0.603659 0.546961
328 100 65 0.606061 0.552486
329 100 65 0.606061 0.552486
330 101 65 0.608434 0.558011
331 101 65 0.608434 0.558011
332 102 65 0.610778 0.563536
333 102 65 0.610778 0.563536
334 103 65 0.613095 0.569061
335 103 65 0.613095 0.569061
336 104 65 0.615385 0.574586
337 104 65 0.615385 0.574586
338 105 65 0.617647 0.580110
339 105 65 0.617647 0.580110
340 105 66 0.614035 0.580110
341 105 66 0.614035 0.580110
342 106 66 0.616279 0.585635
343 106 66 0.616279 0.585635
344 106 67 0.612717 0.585635
345 106 67 0.612717 0.585635
346 106 68 0.609195 0.585635
347 106 68 0.609195 0.585635
348 106 69 0.605714 0.585635
349 106 69 0.605714 0.585635
350 107 69 0.607955 0.591160
351 107 69 0.607955 0.591160
352 108 69 0.610169 0.596685
353 108 69 0.610169 0.596685
354 108 70 0.606742 0.596685
355 108 70 0.606742 0.596685
356 109 70 0.608939 0.602210
357 109 70 0.608939 0.602210
358 110 70 0.611111 0.607735
359 110 70 0.611111 0.607735
360 111 70 0.613260 0.613260
361 111 70 0.613260 0.613260
362 112 70 0.615385 0.618785
363 112 70 0.615385 0.618785
364 113 70 0.617486 0.624309
365 113 70 0.617486 0.624309
366 114 70 0.619565 0.629834
367 114 70 0.619565 0.629834
368 115 70 0.621622 0.635359
369 115 70 0.621622 0.635359
370 116 70 0.623656 0.640884
371 116 70 0.623656 0.640884
372 117 70 0.625668 0.646409
373 117 70 0.625668 0.646409
374 117 71 0.622340 0.646409
375 117 71 0.622340 0.646409
376 118 71 0.624339 0.651934
377 118 71 0.624339 0.651934
378 119 71 0.626316 0.657459
379 119 71 0.626316 0.657459
380 119 72 0.623037 0.657459
381 119 72 0.623037 0.657459
382 120 72 0.625000 0.662983
383 120 72 0.625000 0.662983
384 120 73 0.621762 0.662983
385 120 73 0.621762 0.662983
386 121 73 0.623711 0.668508
387 121 73 0.623711 0.668508
388 122 73 0.625641 0.674033
389 122 73 0.625641 0.674033
390 122 74 0.622449 0.674033
391 122 74 0.622449 0.674033
392 123 74 0.624366 0.679558
393 123 74 0.624366 0.679558
394 124 74 0.626263 0.685083
395 124 74 0.626263 0.685083
396 125 74 0.628141 0.690608
397 125 74 0.628141 0.690608
398 126 74 0.630000 0.696133
399 126 74 0.630000 0.696133
400 126 75 0.626866 0.696133
401 126 75 0.626866 0.696133
402 127 75 0.628713 0.701657
403 127 75 0.628713 0.701657
404 127 75 0.628713 0.701657
405 127 75 0.628713 0.701657
406 127 75 0.628713 0.701657
407 127 75 0.628713 0.701657
408 127 75 0.628713 0.701657
409 127 75 0.628713 0.701657
410 127 75 0.628713 0.701657
411 127 75 0.628713 0.701657
412 127 75 0.628713 0.701657
413 127 75 0.628713 0.701657
414 127 75 0.628713 0.701657
415 127 75 0.628713 0.701657
416 127 75 0.628713 0.701657
417 127 75 0.628713 0.701657
418 127 75 0.628713 0.701657
419 127 75 0.628713 0.701657
420 127 75 0.628713 0.701657
421 127 75 0.628713 0.701657
422 127 75 0.628713 0.701657
423 127 75 0.628713 0.701657
424 127 75 0.628713 0.701657
425 127 75 0.628713 0.701657
426 127 75 0.628713 0.701657
427 127 75 0.628713 0.701657
428 127 75 0.628713 0.701657
429 127 75 0.628713 0.701657
430 127 75 0.628713 0.701657
431 127 75 0.628713 0.701657
432 127 75 0.628713 0.701657
433 127 75 0.628713 0.701657
434 127 75 0.628713 0.701657
435 127 75 0.628713 0.701657
436 127 75 0.628713 0.701657
437 127 75 0.628713 0.701657
438 127 75 0.628713 0.701657
439 127 75 0.628713 0.701657
440 127 75 0.628713 0.701657
441 127 75 0.628713 0.701657
442 127 75 0.628713 0.701657
443 127 75 0.628713 0.701657
444 127 75 0.628713 0.701657
445 127 75 0.628713 0.701657
446 127 75 0.628713 0.701657
447 127 75 0.628713 0.701657
448 127 75 0.628713 0.701657
449 127 75 0.628713 0.701657
450 127 75 0.628713 0.701657
451 127 75 0.628713 0.701657
452 127 75 0.628713 0.701657
453 127 75 0.628713 0.701657
454 127 75 0.628713 0.701657
455 127 75 0.628713 0.701657
456 127 75 0.628713 0.701657
457 127 75 0.628713 0.701657
458 127 75 0.628713 0.701657
